vin_event,change contact form,click alternative,click contact banner,click contact button,click dealer phone,click features section,click get directions,click vehicle history,display alternatives,edit contact form,report contact form error,report contact form success,show badge detail,show photo modal,submit contact form,visit alternatives,visit badges,visit contact form,visit features,visit market report,visit vehicle history
1ZVFT80N475321531,0,0,0,0,0,0,0,0,1,0,0,0,0,0,0,0,2,0,0,1,0
1C4GJ15B42B579934,0,0,0,0,0,0,0,0,1,0,0,0,0,0,0,0,0,0,0,1,0
1FT8W3BT7DEA13797,0,0,0,0,0,0,0,0,1,0,0,0,0,0,0,1,6,1,2,1,0
1FAFP55S34A203127,0,0,0,0,0,0,0,0,1,0,0,0,0,2,0,0,2,0,0,1,0
4S3BH635327310374,0,0,0,0,0,0,0,0,1,0,0,0,1,0,0,0,0,0,0,1,0
3VWDF71K36M627643,0,0,0,0,0,0,0,0,1,0,0,0,0,0,0,0,0,0,0,1,0
2HGFG12668H562054,0,0,0,0,0,0,0,0,1,0,0,0,1,2,0,1,8,2,2,1,0
1G1AT58H797200129,0,1,0,0,0,0,0,0,1,0,0,0,2,0,0,2,7,4,7,1,0
2CNALBEW5A6307706,0,0,0,0,0,0,0,0,1,0,0,0,0,0,0,0,2,0,0,1,0
3VWRM71K69M142395,0,0,0,0,0,0,0,0,1,0,0,0,0,0,0,0,0,0,0,1,0
1G6AB5RX6G0122032,0,0,0,0,0,0,0,0,2,0,0,0,0,0,0,0,0,0,0,2,0
2T1BR32E33C138456,0,1,0,0,0,0,0,0,1,0,0,0,0,0,0,0,1,1,1,1,0
2C3CDXBG5FH784866,0,0,0,0,0,0,0,0,1,0,0,0,0,0,0,0,4,0,0,1,0
1N4BA41E26C865606,0,0,0,0,0,0,0,0,1,0,0,0,4,0,0,0,4,0,0,2,0
JM1GJ1U54G1444901,0,0,0,0,0,0,0,0,2,0,0,0,0,0,0,0,0,0,0,2,0
5NPEC4AC1CH326930,0,0,0,0,0,0,0,0,1,0,0,0,4,1,0,0,4,0,2,1,0
2B3KA53H87H630554,0,0,0,0,0,0,0,0,2,0,0,0,0,0,0,1,4,0,2,2,0
4A3AL25F17E034382,0,0,0,0,0,0,0,0,0,0,0,0,0,0,0,0,2,1,2,1,0
1G4HC5EM9AU118850,0,0,0,0,0,0,0,0,2,0,0,0,0,0,0,1,1,0,1,2,0
1G1PC5SH5C7370287,0,0,0,0,0,0,0,0,1,0,0,0,2,0,0,1,2,0,2,1,0
3GYEK62N15G158775,0,0,0,0,0,1,0,0,1,0,0,0,0,0,0,1,2,1,2,1,0
JM1NC25F990202869,0,0,0,0,0,0,0,0,2,0,0,0,5,0,0,0,2,0,0,2,1
2GNALCEK6G6249628,0,0,0,0,0,0,0,0,6,0,0,0,0,0,0,0,0,0,0,6,0
3C3EL55H5WT311643,0,0,0,0,0,0,0,0,1,0,0,0,0,0,0,1,3,0,4,1,0
2G4GK5EX0G9156658,0,0,0,0,0,0,0,0,2,0,0,0,0,0,0,1,1,0,1,2,1
1FMNU42F11EA73509,0,0,0,0,0,7,0,0,1,0,0,0,0,0,0,0,2,0,2,1,0
1GKS2KE75DR352727,0,0,0,0,0,0,0,0,2,0,0,0,0,0,0,0,0,0,0,2,0
WDBTJ75J05F163125,0,0,0,0,0,0,0,0,1,0,0,0,3,0,0,0,2,0,0,1,0
1G8ZS57N17F290072,0,0,0,0,0,0,0,0,1,0,0,0,2,0,0,0,1,0,0,1,0
3VWJZ71K68M165365,0,0,0,0,0,6,0,0,3,0,0,0,17,6,0,0,27,0,0,3,0
1GCCSCF9XB8129754,0,0,0,0,0,0,0,0,1,0,0,0,5,0,0,0,2,0,0,1,0
5GAKVDED2CJ136451,0,0,0,0,0,0,0,0,2,0,0,0,0,0,0,0,0,0,0,2,0
1HGCP2F83BA056207,0,0,0,0,0,0,0,0,1,0,0,0,3,0,0,1,5,1,1,1,0
KMHCM36C78U089098,0,0,0,0,0,0,0,0,2,0,0,0,10,0,0,1,7,1,2,2,0
1D4HB38N66F169978,0,0,0,0,0,0,0,0,1,0,0,0,0,0,0,0,4,0,0,1,0
1GCRCPEH4EZ170919,0,0,0,0,0,0,0,0,12,0,0,0,0,0,0,0,0,0,0,12,0
3VW517AT0FM802071,0,0,0,0,0,6,0,0,1,0,0,0,1,0,0,0,1,0,0,1,1
1FTZR15U0WTA48572,0,0,0,0,0,0,0,0,1,0,0,0,0,0,0,0,2,0,0,1,0
1J8FT28W37D318728,0,0,0,0,0,0,0,0,1,0,0,0,1,0,0,0,2,0,0,1,0
1D7HA18P87S122004,0,0,0,0,0,0,0,0,1,0,0,0,0,0,0,1,1,1,1,1,0
1FMDK02145GA37595,0,1,0,0,0,0,0,0,1,0,0,0,0,0,0,3,9,2,3,1,0
2GCEK19T7Y1250659,0,1,0,0,0,3,0,0,2,0,0,0,0,0,0,2,2,2,6,2,0
1GKFC16057J262412,0,0,0,0,0,0,0,0,1,0,0,0,5,0,0,0,1,0,0,1,0
1G4GB5G35GF138206,0,0,0,0,0,0,0,0,2,0,0,0,0,0,0,0,0,0,0,2,0
2GCEC13V771163477,0,0,0,0,0,0,0,0,1,0,0,0,2,0,0,0,2,0,0,1,0
1GNSCDEJ8DR354091,0,0,0,0,0,0,0,0,1,0,0,0,0,1,0,0,2,0,0,1,0
1FTSW20508EE04753,0,0,0,0,0,0,0,0,1,0,0,0,0,1,0,0,0,0,0,1,0
1FMEU7EE3AUA35287,0,1,0,0,0,5,0,0,1,0,0,0,3,0,0,1,2,1,4,1,0
1G11A5SAXDF335153,0,0,0,0,0,0,0,0,2,0,0,0,3,1,0,0,4,0,0,2,0
3VW267AJ3GM403482,0,0,1,0,0,2,0,0,0,0,0,0,3,0,0,0,3,2,2,1,0
5FNRL5H66EB122892,0,0,0,0,0,0,0,0,4,0,0,0,0,0,0,0,0,0,0,4,0
1C4PJLCB3FW694845,0,0,0,0,0,0,0,0,4,0,0,0,0,0,0,0,0,0,0,4,0
WBAVB33596KR79486,0,0,0,0,0,6,0,0,1,0,0,0,3,0,0,0,1,0,1,1,0
JHLRD186XYC058270,0,0,0,0,0,0,0,0,1,0,0,0,0,0,0,0,2,0,0,1,0
WBADN6337XGM60993,0,0,0,0,0,0,0,0,1,0,0,0,0,0,0,0,1,0,0,1,0
1N6AA07A34N554722,0,0,0,0,0,0,0,0,1,0,0,0,3,0,0,1,2,1,2,1,0
JM3LW28A130373922,0,0,0,0,0,3,0,0,6,0,0,0,8,0,0,6,7,2,7,6,0
JM1CR293560114886,0,0,0,0,0,0,0,0,1,0,0,0,4,0,0,1,2,1,2,1,0
5NPEU46F36H068964,0,0,0,0,0,0,0,0,1,0,0,0,0,0,0,0,2,0,0,1,0
2C3KA53G66H342217,0,0,0,0,0,0,0,0,1,0,0,0,0,1,0,0,2,0,0,1,0
1J4FA39S34P788678,0,0,0,0,0,0,0,0,1,0,0,0,0,0,0,1,1,0,1,1,0
1FMYU03125KA33438,0,0,0,0,0,0,0,0,1,0,0,0,0,0,0,1,1,1,1,1,0
2G4GV5GV2D9188820,0,0,0,0,0,0,0,0,2,0,0,0,2,1,0,0,0,0,0,2,0
3TMLU4EN3FM180688,0,0,0,0,0,0,0,0,1,0,0,0,1,0,0,1,2,0,2,1,0
2G1WT58K981351034,0,0,0,0,0,0,0,0,1,0,0,0,2,0,0,0,0,0,0,1,0
WMWZP3C58ET706860,0,0,0,0,0,0,0,1,1,0,0,0,1,0,0,1,1,1,2,1,1
3FA6P0H72DR294861,0,0,0,0,0,0,0,0,1,0,0,0,0,0,0,0,1,0,0,1,0
JA32U2FU0BU040334,0,1,0,0,0,4,0,0,1,0,0,0,4,1,0,3,6,0,4,1,0
1J4GZ58Y1TC364159,0,0,0,0,0,0,0,0,1,0,0,0,1,0,0,0,1,0,0,1,0
WBA3A9G55DNP36387,0,0,0,0,0,0,0,0,1,0,0,0,1,0,0,0,0,0,0,1,0
1FMNU41LX1EB17661,0,0,0,0,0,0,0,0,1,0,0,0,2,0,0,0,2,0,0,1,0
5TFRV54117X010675,0,0,0,0,0,0,0,0,1,0,0,0,0,0,0,0,0,0,0,1,0
3N1AB7AP4DL677034,0,0,0,0,0,0,0,0,2,0,0,0,0,0,0,0,0,0,0,2,0
1G11C5SA0GF159812,0,0,0,0,0,0,0,0,15,0,0,0,0,0,0,2,2,0,2,15,0
3FA6P0H77GR146760,0,0,0,0,0,0,0,0,6,0,0,0,0,0,0,1,1,0,1,6,1
1GNSKBE00BR267183,0,0,0,0,0,0,0,0,1,0,0,0,0,0,0,0,2,0,0,1,0
1FMZU72E72UC12611,0,0,0,0,0,0,0,0,1,0,0,0,2,0,0,1,1,1,1,1,0
2GTEC19TX21303309,0,0,0,0,0,0,0,0,2,0,0,0,1,0,0,1,2,1,2,2,0
SALME15426A199004,0,0,0,0,0,0,0,0,1,0,0,0,1,0,0,0,1,0,0,1,0
2LMDU88C57BJ26978,0,0,0,0,0,0,0,0,1,0,0,0,3,1,0,1,2,1,2,1,0
1HGCR2F37EA275271,0,0,0,0,0,0,0,0,1,0,0,0,2,0,0,0,0,1,0,1,0
1N4AL11D86C158781,0,0,0,0,0,0,0,0,1,0,0,0,4,0,0,1,1,0,1,1,0
5N1ED28T44C647232,0,0,0,0,0,0,0,0,1,0,0,0,2,0,0,0,2,0,0,1,0
1GNMCBE36AR140114,0,1,0,0,0,0,0,0,2,0,0,0,5,0,0,1,5,2,3,2,0
2B3CJ4DG6BH596482,1,0,0,0,0,0,0,0,1,5,0,0,3,0,0,1,1,1,1,1,0
1FTEX1EM1BKD77169,0,0,0,0,0,0,0,0,1,0,0,0,0,0,0,0,0,0,0,1,0
3N1AB6APXBL625284,0,0,0,0,0,0,0,0,1,0,0,0,5,0,0,0,4,0,0,1,0
5NPEB4AC4BH051846,0,0,0,0,0,2,0,0,1,0,0,0,3,0,0,0,2,0,0,1,0
2CNFLNEC6B6322228,0,0,0,0,0,0,0,0,1,0,0,0,0,0,0,0,0,0,0,1,0
1C4NJCBAXGD621646,0,0,0,0,0,0,0,0,4,0,0,0,0,0,0,0,0,0,0,4,0
JNRAS08U15X103318,0,0,0,0,0,0,0,0,1,0,0,0,0,0,0,0,2,0,0,1,0
1N4AL11D56C151559,0,0,1,0,0,0,0,0,1,9,0,1,0,0,1,1,1,1,1,1,1
3D4PG5FV1AT151110,0,0,0,0,0,0,0,0,4,0,0,0,0,0,0,0,0,0,0,4,0
2A4RR5D18AR359224,0,0,0,0,0,1,0,0,1,0,0,0,1,0,0,1,2,0,2,1,0
WDBUF56X07B182684,0,0,0,0,0,5,0,0,2,0,0,0,7,4,0,0,8,2,4,2,0
5J6RE4H48BL080988,0,0,0,0,0,0,0,0,1,0,0,0,0,0,0,0,0,0,0,1,0
JNRAS08U15X107479,0,0,0,0,0,3,0,0,2,0,0,0,6,0,0,3,7,3,5,2,0
1GCNCPEH2EZ195056,0,0,0,0,0,0,0,0,2,0,0,0,0,0,0,0,0,0,0,2,0
3N1AB61E28L725645,0,0,0,0,0,0,0,0,1,0,0,0,2,0,0,0,3,0,2,1,0
5TBRT3811YS112482,0,0,0,0,0,0,0,0,2,0,0,0,0,0,0,1,12,1,2,2,0
2C4RDGCG0FR556854,0,0,0,0,0,0,0,0,2,0,0,0,0,0,0,0,0,0,0,2,0
5NPET46C09H438555,0,1,0,0,0,0,0,0,2,0,0,0,0,0,0,1,3,1,1,2,0
3GCEK233X9G137439,0,0,0,0,0,0,0,0,1,0,0,0,0,0,0,0,0,0,0,1,0
1G4CW54K324235309,0,0,0,0,0,0,0,0,1,0,0,0,1,0,0,0,2,0,0,1,0
JM3KE2BE4F0472460,0,0,0,0,0,0,0,0,4,0,0,0,0,0,0,2,2,0,2,4,0
1GNKRGKD9GJ102917,0,0,0,0,0,0,0,0,1,0,0,0,0,0,0,1,3,1,1,1,1
1N4AL21E89N533723,0,0,0,0,0,1,0,0,1,0,0,0,6,0,0,1,1,1,1,1,0
5NMSG13D37H106204,0,0,0,0,0,0,0,0,1,0,0,0,0,0,0,1,1,0,1,1,0
KNAFK4A65F5401017,0,0,0,0,0,0,0,0,1,0,0,0,9,0,0,1,1,1,1,1,1
JNRAS08W67X204519,0,0,0,0,0,0,0,0,0,0,0,0,2,1,0,1,4,2,2,0,0
1G1ZJ57B89F187905,0,0,0,0,0,0,0,0,12,0,0,0,0,0,0,0,0,0,0,12,0
1C3CDFCA8DD711716,0,0,0,0,0,0,0,0,2,0,0,0,11,1,0,0,5,0,2,2,0
3FDNX6542YMA14261,0,0,0,0,0,0,0,0,1,0,0,0,0,0,0,0,2,0,0,1,0
1FMZU77E53UC58769,0,0,0,0,0,0,0,0,1,0,0,0,0,0,0,0,2,0,0,1,0
2HNYD18714H505829,0,0,0,0,0,0,3,0,1,0,0,0,7,0,0,1,6,1,2,1,0
2CNALPEW2A6233500,0,0,0,0,0,0,0,0,2,0,0,0,0,0,0,0,0,0,0,2,0
2C4GP44R14R617476,0,0,0,0,0,0,0,0,0,0,0,0,0,0,0,0,2,0,0,1,0
1HGCD5634TA216529,0,0,0,0,0,0,0,0,3,0,0,0,3,0,0,0,6,0,0,3,0
2GKFLPE37G6123779,0,0,0,0,0,0,0,0,2,0,0,0,0,0,0,0,0,0,0,2,0
WMWRE33455TD90768,0,0,0,0,0,0,0,0,2,0,0,0,0,4,0,0,8,0,2,2,2
3N1AB6AP8CL726874,0,0,0,0,0,0,0,0,1,0,0,0,0,0,0,0,1,0,0,1,0
JM1BM1V76F1255926,0,0,0,0,0,1,0,0,7,0,0,0,1,0,0,0,1,0,1,7,0
1FMSU43P55EB52925,0,0,0,0,0,0,0,0,1,0,0,0,1,0,0,1,2,0,2,1,0
1G4CW52K9W4617210,0,0,0,0,0,5,0,0,1,0,0,0,6,0,0,0,2,0,0,1,0
1FADP3F27DL176156,0,0,0,0,0,5,0,0,1,0,0,0,0,0,0,1,3,1,2,1,0
JTEHH20V536081500,0,0,0,0,0,12,0,0,1,0,0,0,5,0,0,1,8,1,6,1,0
5NPDH4AE8FH615046,0,0,0,0,0,0,0,0,6,0,0,0,0,0,0,0,0,0,0,6,0
WDBTK65G64T017078,0,1,0,0,0,6,1,0,1,0,0,0,3,0,0,2,1,2,11,1,0
KMHWF35H13A901297,0,0,0,0,0,0,0,0,2,0,0,0,7,0,0,0,1,0,0,2,0
1G6KD54Y65U167198,0,0,0,0,0,0,0,0,1,0,0,0,0,0,0,1,1,1,2,1,0
1FTEW1EG5GFA87191,0,0,0,0,0,0,0,0,2,0,0,0,0,0,0,0,0,0,0,2,0
1C4AJWBG6CL228618,0,0,0,0,0,0,0,0,10,0,0,0,0,0,0,0,0,0,0,10,0
1GCEC14V86Z280716,0,0,0,0,0,0,0,0,1,0,0,0,1,0,0,1,2,1,2,1,0
2B3KA43D49H521504,0,0,0,0,0,0,0,0,1,0,0,0,0,0,0,0,0,0,0,1,0
3FAHP0HA3AR120183,0,0,0,0,0,0,0,0,1,0,0,0,1,0,0,1,2,1,2,1,0
1N4AL3AP2EN340257,0,0,0,0,0,0,0,0,1,0,0,0,0,0,0,0,0,0,0,1,0
1G6KD52B5RU212426,0,0,0,0,0,1,0,0,1,0,0,0,2,1,0,0,4,1,2,1,0
1GNEC13V25R253079,0,0,0,0,0,0,0,0,1,0,0,0,1,0,0,0,1,0,0,1,0
2C3CCAEG6GH123523,0,0,0,0,0,0,0,0,6,0,0,0,0,0,0,2,2,0,2,6,0
1FMYU92153KA41603,0,1,0,0,0,0,0,0,3,0,0,0,1,0,0,3,3,0,3,3,0
ZACCJBCT8GPC50585,0,0,0,0,0,0,0,0,10,0,0,0,0,0,0,2,2,0,2,10,2
1C6RR6GG5FS552844,0,0,0,0,0,0,0,0,4,0,0,0,0,0,0,0,0,0,0,4,0
JM1GJ1V50E1101238,0,0,0,0,0,0,0,0,2,0,0,0,0,0,0,2,2,0,2,2,0
WMEEJ3BA9CK566985,0,0,0,0,0,0,0,0,1,0,0,0,0,0,0,0,0,0,0,1,0
1C3CCCAB9FN640343,0,0,0,0,0,0,0,0,6,0,0,0,0,0,0,0,0,0,0,6,0
1FADP3F21FL244163,0,0,0,0,0,0,0,0,2,0,0,0,0,0,0,0,0,0,0,2,0
1GKFK13008J105671,0,0,0,0,0,0,0,0,1,0,0,0,2,1,0,0,4,0,2,1,0
3C63RRKL0FG515347,0,0,0,0,0,6,0,0,2,0,0,0,0,0,0,2,4,2,4,2,0
2HNYD28488H521107,0,0,0,0,0,0,0,0,1,0,0,0,1,0,0,1,3,1,1,1,0
WBANE73506CM42465,0,0,0,0,0,0,0,0,1,0,0,0,4,1,0,0,4,0,0,1,0
1GNKREED2CJ361971,0,0,0,0,0,0,0,0,13,0,0,0,0,0,0,4,4,0,4,13,0
ZACCJBCT0GPC51200,0,0,0,0,0,0,0,0,4,0,0,0,0,0,0,1,1,0,1,4,1
1G11E5SA3GF140553,0,0,0,0,0,0,0,0,9,0,0,0,0,0,0,0,0,0,0,9,0
1C4PJLCB5FW706395,0,0,0,0,0,0,0,0,32,0,0,0,0,0,0,1,1,1,1,32,0
1FT7W2BT1GEA19749,0,0,0,0,0,0,0,0,8,0,0,0,0,0,0,2,2,0,2,8,0
WDBRF40J95F689433,0,0,0,0,0,0,0,0,1,0,0,0,0,0,0,1,1,1,1,1,0
JTJBT20X030011770,0,0,0,0,0,0,0,0,1,0,0,0,0,0,0,0,1,0,0,1,0
5N1AR2MN1GC607380,0,0,0,0,0,0,0,0,4,0,0,0,0,0,0,0,0,0,0,4,0
3A4FY48B96T336185,0,0,0,0,0,0,0,0,1,0,0,0,0,0,0,2,2,2,2,1,0
3VWJP7AT7CM661654,0,0,0,0,0,0,0,0,1,0,0,0,0,0,0,0,0,0,0,1,0
3FAHP07Z39R206743,0,0,0,0,0,0,0,0,1,0,0,0,1,0,0,0,1,0,0,1,0
2G1WF52EX39235829,0,1,0,0,0,0,0,0,1,0,0,0,0,1,0,1,3,1,1,1,0
1N6ED29Y34C437135,0,0,0,0,0,0,0,0,1,0,0,0,6,1,0,1,8,1,2,1,0
3D4PG3FG1BT507627,0,0,0,0,0,0,0,0,1,0,0,0,0,0,0,0,0,0,0,1,0
1G11C5SA0GF144484,0,0,0,0,0,0,0,0,2,0,0,0,0,0,0,0,0,0,0,2,0
1G2ZG528854112987,0,0,0,0,0,0,0,0,1,0,0,0,0,0,0,0,1,0,0,1,0
1FTRX17L6XNA17150,0,0,0,0,0,2,0,0,1,0,0,0,3,0,0,0,2,0,4,1,0
2G1155S32E9142284,0,0,0,0,0,0,0,0,2,0,0,0,0,0,0,0,0,0,0,2,0
JM1BL1SF5A1200620,0,0,0,0,0,0,0,0,1,0,0,0,9,0,0,0,4,0,0,1,0
1J4GL48K33W535662,0,0,0,0,0,0,0,0,1,0,0,0,2,0,0,0,2,0,0,1,0
1HGCG16591A044531,0,0,0,0,0,0,0,0,1,0,0,0,5,0,0,1,2,1,2,1,0
5XYZT3LB0FG248314,0,0,0,0,0,0,0,0,8,0,0,0,0,0,0,2,2,0,2,8,0
3GNEK13T03G343443,0,0,0,0,0,0,0,0,1,0,0,0,1,0,0,0,0,0,0,1,0
1GKFK638X8J223858,0,1,0,0,0,0,0,0,1,0,0,0,2,0,0,2,5,0,3,1,0
1N6AD0ER4FN752177,0,0,0,0,0,0,0,0,2,0,0,0,0,0,0,0,0,0,0,2,0
1J4GW58N2YC125046,0,0,0,0,0,0,0,0,1,0,0,0,1,0,0,2,4,1,2,1,0
2GNALFEK3C6388241,0,0,0,0,0,0,0,0,6,0,0,0,0,0,0,0,2,0,0,6,0
1FAFP42XX3F370421,0,0,0,0,0,0,0,0,1,0,0,0,0,0,0,1,1,1,1,1,0
2FTRX18W73CA77656,0,0,0,0,0,0,0,0,1,0,0,0,0,0,0,0,1,0,0,1,0
2GCEK13M181213558,0,0,0,0,0,0,0,0,1,0,0,0,2,0,0,0,2,0,0,1,0
1FMCU93Z88KC62540,0,0,0,0,0,0,0,0,6,0,0,0,0,0,0,1,1,0,1,6,1
1GCFG25T931219722,0,0,0,0,0,0,0,0,1,0,0,0,1,0,0,1,2,1,2,1,0
1HGCM66504A047800,0,0,0,0,0,0,0,0,1,0,0,0,0,0,0,0,1,0,2,1,0
1GNES16S366122380,0,1,0,0,0,6,0,0,1,0,0,0,1,0,0,1,1,1,1,1,0
1C4AJWBG5FL533838,0,0,0,0,0,0,0,0,24,0,0,0,0,0,0,1,1,2,1,24,1
3C4FY58B75T549002,0,0,0,0,0,0,0,0,1,0,0,0,0,0,0,0,2,0,0,1,0
1J4GL48K17W538811,0,0,0,0,0,0,0,0,1,0,0,0,0,0,0,0,2,0,0,1,0
4T1BE46K37U546865,0,0,0,0,0,0,0,0,1,0,0,0,0,0,0,1,2,1,2,1,0
JTDKB20U377638875,0,0,0,0,0,4,0,0,0,0,0,0,10,0,0,0,10,3,6,2,0
1FMFU18L21LA02525,0,0,0,0,0,0,0,0,1,0,0,0,0,0,0,0,2,0,0,1,0
WBXPA93405WD20640,0,0,0,0,0,0,0,0,1,0,0,0,0,0,0,1,1,1,2,1,0
WDBUF56J56A787056,0,0,0,0,0,0,0,0,1,0,0,0,0,0,0,2,3,3,3,1,0
1GKEK13T34J103462,0,0,0,0,0,0,0,0,1,0,0,0,1,0,0,1,2,1,2,1,0
JN8AZ2KR3AT150612,0,0,0,0,0,0,0,0,1,0,0,0,5,0,0,0,2,0,0,1,0
1HGCM56855A122495,0,0,0,0,0,0,0,0,1,0,0,0,3,0,0,0,0,0,0,1,0
JTMZD31V266011272,0,0,0,0,0,0,0,0,1,0,0,0,2,0,0,1,2,1,2,1,0
1HGFA16817L097214,0,0,0,0,0,0,0,0,1,0,0,0,1,0,0,0,1,0,0,1,0
4T1BK36B86U086426,0,0,0,0,0,0,1,0,1,0,0,0,0,0,0,1,1,1,1,1,0
1N6ED27Y52C356587,0,0,0,0,0,0,0,0,1,0,0,0,2,0,0,0,4,0,0,1,0
3GNFK12377G253511,0,0,0,0,0,0,0,0,1,0,0,0,3,0,0,0,1,0,0,1,0
2G1WH55K2Y9213553,0,0,0,0,0,0,0,0,1,0,0,0,3,0,0,1,2,1,2,1,0
2G1FC1E39F9200540,0,0,0,0,0,0,0,0,1,0,0,0,3,0,0,0,1,0,0,1,0
1GNKRHKD7GJ200351,0,0,0,0,0,0,0,0,12,0,0,0,0,0,0,0,0,0,0,12,0
1G6DJ1E37D0109720,0,0,0,0,0,0,0,0,4,0,0,0,0,0,0,0,0,0,0,4,0
1G1YZ23J0L5802041,0,0,0,0,0,0,0,0,1,0,0,0,2,0,0,0,2,0,0,1,0
2G1WB5E38G1115294,0,0,0,0,0,0,0,0,2,0,0,0,0,0,0,1,1,0,1,2,1
1N4AL2AP3CN455148,0,0,0,0,0,0,0,0,2,0,0,0,11,2,0,3,6,3,6,2,0
2G1FD1E36F9201092,0,0,0,0,0,0,0,0,0,0,0,0,0,0,0,0,0,1,0,4,0
1ZVHT80N685182948,0,0,0,0,0,0,0,0,1,0,0,0,2,0,0,0,1,0,0,1,0
1G11C5SA2GF146110,0,0,0,0,0,0,0,0,2,0,0,0,0,0,0,0,0,0,0,2,0
1GKEV33777J103300,0,0,0,0,0,0,0,0,1,0,0,0,2,0,0,1,2,1,2,1,0
4M2DU86K63ZJ10042,0,1,0,0,0,3,0,0,1,0,0,0,0,0,0,1,1,0,1,1,0
5YFBU4EE8DP187024,0,0,0,0,0,0,0,0,1,0,0,0,2,0,0,0,2,0,0,1,0
3GYEK62N74G259236,0,0,0,0,0,0,0,0,1,0,0,0,0,0,0,0,0,0,0,1,0
1J4FA39S12P756664,0,0,0,0,0,0,0,0,1,0,0,0,0,0,0,0,0,0,0,1,0
1FATP8FF5G5207943,0,0,0,0,0,0,0,0,12,0,0,0,0,0,0,0,0,0,0,12,0
1GNES16S956187121,0,0,0,0,0,2,0,0,1,0,0,0,3,1,0,0,2,0,0,1,0
3GNBAAFW4BS564938,0,0,0,0,0,1,0,0,1,0,0,0,0,0,0,1,3,1,2,1,0
1C4RDHAG3FC244478,0,0,0,0,0,0,0,0,6,0,0,0,0,0,0,0,0,0,0,6,0
2HKRM4H54CH613023,1,0,0,0,0,5,0,0,1,1,0,0,1,0,0,1,1,1,1,1,0
1J4GL48K87W516899,0,0,0,0,0,5,0,0,1,0,0,0,1,0,0,1,2,1,2,1,0
1ZVHT80NX65158648,0,0,0,0,0,0,0,0,1,0,0,0,11,0,0,1,4,1,2,1,0
3D7MA48C64G235644,0,0,0,0,0,0,0,0,1,0,0,0,1,0,0,1,3,0,2,1,0
5LMEU68H23ZJ23377,0,0,0,0,0,0,0,0,1,0,0,0,0,0,0,0,2,0,0,1,0
1G1ZG57BX8F164428,0,0,0,0,0,0,0,0,1,0,0,0,3,0,0,0,2,0,0,1,0
4A3AC74H33E141542,0,0,0,0,0,0,0,0,0,0,0,0,3,0,0,0,3,1,2,1,0
1G4GF5E31CF139872,0,0,0,0,0,0,0,0,2,0,0,0,0,0,0,1,1,0,1,2,0
1GNSCBKC1FR537524,0,0,0,0,0,0,0,0,30,0,0,0,0,0,0,2,2,0,2,30,0
1G1125S36FU120897,0,0,0,0,0,0,0,0,4,0,0,0,0,0,0,0,0,0,0,4,0
2FMGK5B89EBD37809,0,0,0,0,0,0,0,0,1,0,0,0,11,0,0,0,1,0,0,1,0
1FMCU0F75DUA57357,0,0,0,0,0,0,0,0,1,0,0,0,0,0,0,0,1,0,0,1,0
WBAEU33403PH90180,0,0,0,0,0,0,0,0,1,0,0,0,3,0,0,0,4,0,0,1,0
KMHFC46F66A103944,0,0,0,0,0,0,0,0,1,0,0,0,1,0,0,0,2,0,0,1,0
1GKKRPKD2EJ193037,0,0,0,0,0,0,0,0,2,0,0,0,0,0,0,0,0,0,0,2,0
JM3KE2CY6G0620733,0,0,0,0,0,0,0,0,10,0,0,0,0,0,0,2,2,0,2,10,0
1GKKVSED6CJ314580,0,0,0,0,0,0,0,0,0,0,0,0,0,0,0,0,0,0,0,1,0
4S3BH6864Y6609257,0,0,0,0,0,0,0,0,1,0,0,0,0,0,0,0,1,0,0,1,0
1G11C5SA9GF144466,0,0,0,0,0,0,0,0,2,0,0,0,0,0,0,1,1,0,1,2,1
2T1BU4EEXCC857462,0,0,0,0,0,0,0,0,2,0,0,0,0,2,0,0,4,0,0,2,0
KNAFX4A6XE5165898,0,0,0,0,0,0,0,0,1,0,0,0,3,0,0,0,4,0,0,1,0
JTEZU14R088092021,0,0,0,0,0,0,0,0,1,1,0,0,3,0,0,1,5,1,3,1,0
3N1BB61E97L682859,0,0,0,0,0,0,0,0,1,0,0,0,2,1,0,0,2,0,0,1,0
3VWRF71K76M649733,0,0,0,0,0,0,0,0,1,0,0,0,0,0,0,0,0,0,0,1,0
1G11C5SL9FF303681,0,0,0,0,0,0,0,0,2,0,0,0,0,0,0,0,0,0,0,2,0
1GKS2CE05ER181259,0,1,0,0,0,0,0,0,1,0,0,0,4,0,0,2,1,1,1,1,0
1J4GA59127L206976,0,0,0,0,0,0,0,0,7,0,0,0,0,0,0,0,0,0,0,7,0
JM3ER293370154563,0,0,0,0,0,0,0,0,1,0,0,0,0,0,0,1,1,1,1,1,0
2G4GR5GX3E9181186,0,0,0,0,0,0,0,0,2,0,0,0,0,0,0,1,1,0,1,2,1
1G6KY5497XU942205,0,0,0,0,0,0,0,0,1,0,0,0,0,0,0,0,0,0,0,1,0
5TDJK3DCXBS009664,0,0,0,0,0,0,0,0,1,0,0,0,1,1,0,1,2,1,2,1,0
2GNALCEK6G6108140,0,0,0,0,0,0,0,0,1,0,0,0,0,1,0,0,4,0,0,1,0
3N1BC1CP2CK811815,0,1,0,0,0,4,0,0,1,0,0,0,2,0,0,3,4,1,6,1,0
1FTEW1CM1EFB62720,0,0,0,0,0,0,0,0,1,0,0,0,3,0,0,0,0,0,0,1,0
JTLKT324764107652,0,0,0,0,0,0,0,0,1,0,0,0,0,0,0,1,1,2,1,1,0
5NPEB4AC2EH894514,0,0,0,0,0,0,0,0,1,0,0,0,5,0,0,0,3,0,0,1,0
1GNDT13S552250333,0,0,0,0,0,0,0,0,1,0,0,0,3,1,0,0,4,0,0,1,0
1FMEU15H0SLA03413,0,0,0,0,0,0,0,0,2,0,0,0,0,1,0,0,4,0,0,2,0
2T1CF22P51C441194,0,0,0,0,0,0,0,0,1,0,0,0,1,1,0,0,4,0,0,1,0
5TDZA23C44S079598,0,0,0,0,0,0,0,0,1,0,0,0,1,0,0,1,2,1,2,1,0
1N4AL3AP0DC911092,0,0,0,0,0,0,0,0,1,0,0,0,0,0,0,0,0,0,0,1,0
1GCNCPEX2BZ391100,0,0,0,0,0,0,0,0,2,0,0,0,0,0,0,0,0,0,0,2,0
1GAZG1FG6F1231977,0,0,0,0,0,0,0,0,0,0,0,0,0,0,0,0,0,0,0,2,0
1G1ZT52865F231898,0,0,0,0,0,0,0,0,1,0,0,0,0,0,0,0,4,0,0,1,0
1FTNX21P03EC49141,0,0,0,0,0,0,0,0,1,0,0,0,0,0,0,0,2,0,0,1,0
1FAFP52U22A156174,0,0,0,0,0,0,0,0,1,0,0,0,0,0,0,0,2,0,0,1,0
3GCUKREC3GG156770,0,0,0,0,0,0,0,0,2,0,0,0,0,0,0,0,0,0,0,2,0
3FAHP06Z69R166126,0,0,0,0,0,0,0,0,1,0,0,0,8,0,0,0,1,0,0,1,0
1GTG5BE30F1231630,0,0,0,0,0,0,0,0,2,0,0,0,0,0,0,2,2,0,2,2,0
5LMFU27537LJ15978,0,0,0,0,0,0,0,0,1,0,0,0,5,0,0,2,2,1,2,1,0
1FTYR44V63TA38986,0,0,0,0,0,2,0,0,0,0,0,0,6,0,0,0,1,0,1,1,0
2C3KA53G16H396685,0,0,0,0,0,0,0,0,0,0,0,0,1,1,0,0,0,0,0,0,0
1GKDS13S452205741,0,0,0,0,0,0,0,0,1,0,0,0,3,0,0,0,2,0,0,1,0
2G1WF55K259217135,0,1,0,0,0,0,0,0,1,0,0,0,0,1,0,0,3,1,1,1,0
1J4GK58K12W205848,0,0,0,0,0,0,0,0,1,0,0,0,0,0,0,0,2,0,0,1,0
2CNALPEW9A6334050,0,0,0,0,0,0,0,0,1,0,0,0,1,0,0,1,1,0,2,1,0
1FTPX12544NA83904,0,0,0,0,0,0,0,0,1,0,0,0,0,0,0,1,1,1,1,1,0
1N4BA41E95C809659,0,0,0,0,0,0,0,0,1,0,0,0,1,0,0,0,4,0,0,1,0
4A3AB36F47E018507,0,0,0,0,0,0,0,0,1,0,0,0,0,0,0,0,0,0,0,1,0
4T4BE46K79R133503,0,0,0,0,0,0,0,0,1,0,0,0,1,2,0,1,3,1,4,1,0
1G1ZT538X6F172581,0,0,0,0,0,3,0,0,2,0,0,0,4,0,0,1,1,1,1,2,0
3C3EL45H9WT270525,0,1,0,0,0,0,0,0,2,0,0,0,0,0,0,2,2,0,2,2,0
1C4BJWEG2CL177411,0,0,0,0,0,0,0,0,4,0,0,0,0,0,0,1,1,0,1,4,1
JTDBE32K730216992,0,0,0,0,0,1,0,0,3,0,0,0,0,1,0,0,1,0,0,3,0
1G1YY36U965110511,0,0,0,0,0,0,0,0,1,0,0,0,1,0,0,0,1,0,0,1,0
3GSCL53708S557526,0,0,0,0,0,0,0,0,1,0,0,0,0,0,0,0,0,0,0,1,0
1GCEK19Z47E103667,0,0,0,0,0,0,0,0,1,0,0,0,3,1,0,0,6,0,0,1,0
1FMZU77E81UB40048,0,0,0,0,0,0,0,0,1,0,0,0,1,1,0,0,6,0,0,1,0
JA3AJ26E76U007074,0,0,0,0,0,0,0,0,1,0,0,0,0,0,0,0,4,0,0,1,0
1N4AL3AP9DN547565,0,0,0,0,0,0,0,0,1,0,0,0,3,0,0,0,4,0,0,1,0
WVWFA71F58V038986,0,0,0,0,0,0,0,0,0,0,0,0,2,0,0,0,2,1,2,1,1
JNKAY41E64M401077,0,0,0,0,0,0,0,0,1,0,0,0,2,0,0,0,2,0,0,1,0
1G6DM57T860213079,0,0,0,0,0,0,0,0,1,0,0,0,2,0,0,0,1,0,0,1,0
WDBUF70J13A322676,0,0,0,0,0,0,0,0,1,0,0,0,5,0,0,0,2,0,0,1,0
1J4FY19S9WP739942,0,0,0,0,0,0,0,0,1,0,0,0,7,0,0,0,2,0,0,1,0
4JGDA5HB2FA509474,0,0,0,0,0,0,0,0,1,0,0,0,1,0,0,0,1,0,2,1,0
1G6DW677770125094,0,2,0,0,0,0,0,0,2,0,0,0,3,0,0,2,2,2,2,2,0
1FTPW14574KC30556,0,0,0,0,0,0,0,0,1,0,0,0,0,0,0,0,0,0,0,1,0
SALSK25488A128527,0,0,0,0,0,0,0,0,1,0,0,0,1,0,0,0,4,1,2,1,0
1D7RV1GP9AS161542,0,0,0,0,0,0,0,0,2,0,0,0,0,0,0,0,0,0,0,2,0
WBXPA73444WC39756,0,0,0,0,0,0,0,0,1,0,0,0,0,1,0,1,7,1,2,1,0
1D7HA18N84J263283,0,0,0,0,0,0,0,0,1,0,0,0,0,0,0,1,2,0,2,1,0
KMHDN56D55U168285,0,0,0,0,0,0,0,0,0,0,0,0,1,0,0,0,4,1,2,1,0
1GKER23718J274902,0,0,0,0,0,0,0,0,1,0,0,0,0,0,0,0,0,0,0,1,0
2A4GM68446R735389,0,0,0,0,0,0,0,0,2,0,0,0,0,2,0,0,4,0,4,2,0
1GC4K1C82BF113757,0,0,0,0,0,0,0,0,1,0,0,0,2,0,0,0,0,0,0,1,0
3GNEC12077G121301,0,0,0,0,0,0,0,0,1,0,0,0,2,0,0,0,0,0,0,1,0
1GYEC63N85R230874,0,0,0,0,0,0,0,0,1,0,0,0,7,0,0,1,3,0,2,1,0
1N6AD0ERXFN742544,0,0,0,0,0,0,0,0,1,0,0,0,0,0,0,1,2,1,2,1,0
1G1PE5SB9F7122750,0,0,0,0,0,0,0,0,1,0,0,0,18,0,0,3,10,4,8,1,0
WAUBA24B2XN033878,0,0,0,0,0,0,0,0,1,0,0,0,0,0,0,0,0,0,0,1,0
3MEFM08Z26R647928,0,0,0,0,0,0,0,0,1,0,0,0,4,0,0,0,0,0,0,1,0
1FM5K7D81DGA68938,0,0,0,0,0,0,0,0,2,0,0,0,0,0,0,0,0,0,0,2,0
3GKEC16Z54G303385,0,0,0,0,0,0,0,0,1,0,0,0,1,0,0,0,2,0,0,1,0
1FAHP60A44Y101923,0,0,0,0,0,0,0,0,0,0,0,0,13,0,0,0,5,1,2,1,0
1FAFP55S61A154257,0,0,0,0,0,0,0,0,1,0,0,0,3,0,0,1,5,1,2,1,0
WBAKE3C56BE557145,0,0,0,0,0,0,0,0,1,0,0,0,0,0,0,0,2,0,0,1,0
1GCEC14X37Z176119,0,0,0,0,0,0,0,0,1,0,0,0,0,0,0,1,1,1,1,1,0
3C4PDCBG7FT680392,0,0,0,0,0,0,0,0,4,0,0,0,0,0,0,0,0,0,0,4,0
1G1YY2189J5113504,0,0,0,0,0,0,0,0,1,0,0,0,0,0,0,0,2,0,0,1,0
2A4RR5D17AR221951,0,0,0,0,0,0,0,0,2,0,0,0,0,0,0,0,0,0,0,2,0
1C4NJPBA8CD689008,0,1,0,0,0,0,0,0,1,0,0,0,0,0,0,1,1,1,3,1,0
1G1AL58FX87229265,0,0,0,0,0,0,0,0,1,0,0,0,4,0,0,1,2,1,2,1,0
WBAVA37597NL15203,0,0,0,0,0,4,0,0,1,0,0,0,0,0,0,0,3,0,2,1,0
5GAKRCKD2FJ162944,0,0,0,0,0,0,0,0,2,0,0,0,0,0,0,0,0,0,0,2,0
JM1DKDC71G0130553,0,0,0,0,0,0,0,0,2,0,0,0,0,0,0,0,0,0,0,2,0
1J4GX48S22C139923,0,0,0,0,0,0,0,0,2,0,0,0,0,0,0,0,2,0,0,2,0
JF1GPAL64DH822765,0,0,0,0,0,0,0,0,1,0,0,0,2,0,0,2,1,1,1,1,0
3N1BC11E47L408002,0,0,0,0,0,3,0,0,2,0,0,0,2,0,0,0,3,0,0,2,0
1G4HP52K544169211,0,0,0,0,0,0,0,0,1,0,0,0,0,0,0,1,6,1,2,1,0
SAJEA51C94WE03507,0,0,0,0,0,0,0,0,1,0,0,0,4,0,0,1,1,1,2,1,0
1FMYU60E43UA49314,0,0,0,0,0,0,0,0,2,0,0,0,3,0,0,0,3,0,0,2,0
2C3HE66G92H224723,0,0,0,0,0,0,0,0,1,0,0,0,0,0,0,0,1,0,0,1,0
3GYEK63N52G337766,0,0,0,0,0,0,0,0,1,0,0,0,2,0,0,1,3,0,1,1,0
JHMCP26468C055687,0,0,0,0,0,0,0,0,1,0,0,0,0,2,0,0,2,0,0,1,0
1GC2KUEG9GZ131885,0,0,0,0,0,0,0,0,2,0,0,0,0,0,0,0,0,0,0,2,0
5TBRT54107S451038,0,1,0,0,0,0,0,0,0,0,0,0,0,0,0,1,1,1,1,1,0
JTHBK262865016772,0,0,0,0,0,0,0,0,1,0,0,0,0,0,0,0,4,0,0,1,0
3GCPCREH6EG437884,0,0,0,0,0,0,0,0,36,0,0,0,2,0,0,0,0,1,0,36,0
2C4RDGCG8DR550782,0,0,0,0,0,0,0,0,2,0,0,0,0,0,0,2,2,0,2,2,0
1N6AD0ERXCC460850,0,0,0,0,0,0,0,0,4,0,0,0,0,0,0,0,0,0,0,4,0
1GNSCJE09ER202554,0,0,0,0,0,0,0,0,2,0,0,0,0,0,0,0,0,0,0,2,0
2C4RC1BG1GR156515,0,0,0,0,0,0,0,0,2,0,0,0,0,0,0,0,0,0,0,2,0
WVWML7AN6AE512667,0,0,0,0,0,0,0,0,2,0,0,0,0,0,0,0,0,0,0,2,0
2GCEK19T031190510,0,0,0,0,0,0,0,0,1,0,0,0,3,0,0,0,1,0,0,1,0
1VWAT7A30FC097279,0,0,0,0,0,0,0,0,1,0,0,0,0,0,0,0,2,0,0,1,0
1N6AD0ER8GN725341,0,0,0,0,0,0,0,0,2,0,0,0,0,0,0,0,0,0,0,2,0
2A4RR6DG1BR610936,0,0,0,0,0,0,0,0,0,0,0,0,0,0,0,0,2,1,2,1,0
1J4GR48K35C607494,0,0,0,0,0,0,0,0,1,0,0,0,0,0,0,1,1,1,1,1,0
1C6RR6GT9GS143549,0,0,0,0,0,0,0,0,2,0,0,0,0,0,0,0,0,0,0,2,0
3FAHP07Z47R209616,0,0,0,0,0,0,0,0,1,0,0,0,0,0,0,0,2,0,0,1,0
3FADP4FJ3DM200979,0,0,0,0,0,0,0,0,1,0,0,0,0,0,0,1,2,1,2,1,0
1J4GR48K55C541062,0,0,0,0,0,0,0,0,1,0,0,0,3,1,0,0,4,0,0,1,0
5NPEB4AC3BH129582,0,1,0,0,0,0,0,0,1,0,0,0,0,0,0,2,1,0,1,1,0
1B3ER69E7TV200928,0,0,0,0,0,0,0,0,1,0,0,0,0,0,0,0,0,0,0,1,0
2C3LA53G37H767741,0,1,0,0,0,0,0,0,1,0,0,0,7,1,0,2,3,0,3,1,0
KMHTC6AD5FU237069,0,0,0,0,0,0,0,0,8,0,0,0,0,0,0,2,2,1,2,8,0
2HGFA16639H324093,0,0,0,0,0,0,0,0,6,0,0,0,0,0,0,0,0,0,0,6,0
3D7HA18N52G187309,0,0,0,0,0,0,0,0,2,0,0,0,0,0,0,0,0,0,0,2,0
3N1BC1APXAL431048,0,0,0,0,0,0,0,0,1,0,0,0,2,0,0,0,2,0,0,1,0
1G1YY0786F5136662,0,0,0,0,0,0,0,0,1,0,0,0,0,0,0,1,3,1,2,1,0
1HGCR2F39DA211991,0,0,0,0,0,2,0,0,1,0,0,0,0,0,0,0,0,1,0,1,0
5TDZK23C29S285491,0,0,0,0,0,0,0,0,0,0,0,0,1,0,0,0,2,1,2,1,0
1G1PC5SB3F7145236,0,0,0,0,0,0,0,0,2,0,0,0,0,0,0,1,1,0,1,2,1
1FMZU62K64UA12872,0,0,0,0,0,1,0,0,1,0,0,0,0,0,0,1,2,1,2,1,0
1C3EL46T54N167232,0,0,0,0,0,2,0,0,2,0,0,0,0,1,0,0,2,0,0,2,0
2HNYD2H39CH508320,0,0,0,0,0,0,0,0,1,0,0,0,0,0,0,0,0,0,0,1,0
JF1SG67677H728577,0,0,0,0,0,2,0,0,1,0,0,0,1,0,0,1,2,2,2,1,0
1GKKVRKD0DJ156333,0,1,0,0,0,0,0,0,2,0,0,0,9,1,0,2,3,1,3,2,0
1FTWW33R88EB50375,0,0,0,0,0,0,0,0,4,0,0,0,0,0,0,0,0,0,0,4,0
1FDXW46R58EE27503,0,0,0,0,0,0,2,0,1,0,0,0,6,0,0,3,5,3,5,1,2
2GTEK13T251245955,0,0,0,0,0,3,0,0,1,0,0,0,0,0,0,1,1,1,1,1,0
5FNRL5H63BB077843,0,0,0,0,0,0,0,0,1,0,0,0,0,0,0,1,1,1,1,1,0
3FA6P0K99DR303100,0,0,0,0,0,0,0,0,2,0,0,0,0,0,0,1,1,0,1,2,1
JN1AZ36AX6M450965,0,0,0,0,0,0,0,0,2,0,0,0,9,0,0,0,10,0,0,2,0
JN8AZ08T86W427347,0,1,0,0,0,1,0,0,1,0,0,0,0,0,0,2,3,1,1,1,0
2A4RR8DG7BR615988,0,0,0,0,0,0,0,1,1,0,0,0,2,0,0,0,1,0,0,1,0
1N6AA07A15N519291,0,1,0,0,0,1,0,0,1,0,0,0,0,0,0,1,1,0,1,1,0
1FMSU43P25EA44696,0,0,0,0,0,0,0,0,1,0,0,0,1,0,0,0,1,0,0,1,0
1FMZU63E42ZB40522,0,0,0,0,0,2,0,0,1,0,0,0,1,2,0,3,2,0,2,1,0
1G1YY36U775123520,0,0,0,0,0,0,0,0,1,0,0,0,3,1,0,1,4,1,2,1,0
2C3CDXCT3DH593844,0,0,0,0,0,0,0,0,1,0,0,0,22,0,0,0,4,0,0,1,0
4T1BF1FK5DU652841,0,0,0,0,0,0,0,0,1,0,0,0,0,6,0,0,0,0,0,1,0
3GNEC13T93G346757,0,0,0,0,0,0,0,0,1,0,0,0,0,0,0,0,2,0,0,1,0
2C3CDYAG5DH601275,0,0,0,0,0,0,0,0,1,0,0,0,1,0,0,0,2,0,0,1,1
JTDKB22U040017787,0,0,1,0,0,0,1,0,2,0,0,0,4,0,0,3,4,4,4,2,0
5N1AN08UX5C655829,0,0,0,0,0,0,0,0,1,0,0,0,1,0,0,0,1,0,0,1,0
JTJBT20X990178198,0,0,0,0,0,0,0,0,1,0,0,0,0,0,0,0,2,0,0,1,0
1GYFK63887R356687,0,0,0,0,0,0,0,0,1,0,0,0,0,0,0,0,1,0,0,1,0
1FTFW1EF7DFB93018,0,0,0,0,0,0,0,0,6,0,0,0,0,1,0,1,1,0,1,6,1
JTJBT20X360104934,0,0,0,0,0,0,0,0,1,0,0,0,0,0,0,0,0,0,0,1,0
1C6RR7KPXDS537895,0,0,0,0,0,0,0,0,1,0,0,0,1,0,0,0,0,0,0,1,0
KL1TD56637B158459,0,0,0,0,0,0,0,0,3,0,0,0,0,2,0,0,0,0,0,3,0
1G1YY32G3X5116824,0,1,0,0,0,1,0,0,1,0,0,0,3,0,0,1,1,0,1,1,0
1G4GB5G3XGF139951,0,0,0,0,0,0,0,0,6,0,0,0,0,0,0,1,1,0,1,6,1
WDBRN40J95A671790,0,0,0,0,0,0,0,0,1,0,0,0,0,1,0,0,4,0,2,1,0
1D3HA18Z72J195754,0,1,0,0,0,3,0,0,4,0,0,0,3,5,0,2,3,0,4,4,0
5XYPG4A57GG067789,0,1,0,0,0,0,0,1,1,0,0,0,0,0,0,2,1,1,1,1,1
1FTYR44U97PA78579,0,0,0,0,0,0,0,0,1,0,0,0,2,0,0,1,1,0,1,1,0
1FAFP36333W131357,0,0,0,0,0,4,0,0,2,0,0,0,5,0,0,0,3,0,0,2,0
3C4PDCBG6FT727105,0,0,0,0,0,0,0,0,10,0,0,0,0,0,0,0,0,0,0,10,0
1N6BA07B86N573444,0,0,0,0,0,0,0,0,1,0,0,0,0,0,0,0,0,0,0,1,0
WAUML54D41N013340,0,0,0,0,0,0,0,0,1,0,0,0,14,0,0,0,9,0,0,1,0
KNAFE121365304231,0,0,0,0,0,0,0,0,0,0,0,0,2,1,0,0,1,0,0,0,0
1GC1KYC8XBF192896,0,0,0,0,0,0,0,0,4,0,0,0,0,0,0,0,0,0,0,4,0
1N4AL21E88N420739,0,0,0,1,0,0,0,0,1,0,0,0,2,1,0,1,3,1,3,1,0
WDDDJ75XX6A067498,0,0,0,0,0,1,0,0,1,0,0,0,0,0,0,1,1,0,1,1,0
2FMDK38C97BB29791,0,0,0,0,0,0,0,0,2,0,0,0,0,1,0,0,2,0,2,2,0
2C4RDGCGXGR179130,0,0,0,0,0,2,0,0,3,0,0,0,0,0,0,1,1,1,1,3,0
JN8DR09XX4W806779,0,0,0,0,0,0,0,0,1,0,0,0,2,0,0,0,1,0,0,1,0
WDBNG70J63A367078,0,0,0,0,0,4,0,0,1,0,0,0,0,0,0,1,2,1,2,1,1
1G8JU54F22Y506206,0,1,0,0,0,0,0,0,2,0,0,0,9,0,0,3,5,3,3,2,0
JM3KE2BE5E0301392,0,0,0,0,0,0,0,0,2,0,0,0,0,0,0,0,0,0,0,2,0
1G4GD5E38CF145920,0,0,0,0,0,0,0,0,4,0,0,0,0,0,0,2,2,0,2,4,0
4USCJ3324VLC05283,0,0,0,0,0,0,0,0,0,0,0,0,1,0,0,0,2,1,2,1,0
2G1WA5E34F1146690,0,0,0,0,0,0,0,0,6,0,0,0,0,0,0,0,0,0,0,6,0
1J8GA591X9L705848,0,0,0,0,0,0,0,0,14,0,0,0,0,0,0,1,1,0,1,14,1
5N1ED28T83C656658,0,0,0,0,8,0,0,0,0,0,0,0,2,1,0,0,3,2,3,1,0
1FTRW12W88KB22215,0,0,0,0,0,0,0,0,1,0,0,0,15,0,0,0,4,0,0,1,0
JTDKN3DU6A1108630,0,0,0,0,0,0,0,0,0,0,0,0,0,0,0,0,2,1,0,1,0
1GKUKMEF1AR208678,0,0,0,0,0,0,0,1,1,0,0,0,5,0,0,0,1,0,0,1,0
1D7HE48N66S570549,0,1,0,0,0,3,0,0,1,0,0,0,0,0,0,1,1,1,1,1,0
SHSRD78975U327469,1,2,0,0,0,0,0,0,2,1,0,0,2,0,0,3,2,3,4,2,0
1G6DP567750193949,0,0,0,0,0,2,0,0,1,0,0,0,0,0,0,0,2,0,2,1,0
2G1WF5EK7B1298465,0,0,0,0,0,0,0,0,1,0,0,0,0,0,0,0,2,0,0,1,0
1C4RJEAG2EC225314,0,0,0,0,0,0,0,0,1,0,0,0,4,0,0,1,4,1,2,1,0
4S4BP61C857325540,0,0,0,0,0,0,0,0,1,0,0,0,0,0,0,0,2,0,2,1,0
1G6AP5SX0E0155746,0,0,0,0,0,0,0,0,1,0,0,0,8,0,0,0,2,0,0,1,0
4T1BG22K3YU665182,0,0,0,0,0,0,0,0,4,0,0,0,1,2,0,0,1,0,0,4,0
WBAYP1C5XDM216137,0,0,0,0,0,0,0,0,1,0,0,0,8,0,0,0,1,0,0,0,0
1FMFU17508LA61294,0,0,0,0,0,0,0,0,1,0,0,0,2,1,0,0,7,0,0,1,0
4T1BK36B77U242358,0,0,0,0,0,0,0,0,1,0,0,0,0,0,0,0,2,0,0,1,0
3GCPCREC0EG518044,0,0,0,0,0,0,0,0,4,0,0,0,0,0,0,0,0,0,0,4,0
2FMZA50433BB44757,0,0,0,0,0,0,0,0,1,0,0,0,0,0,0,0,1,0,0,1,0
WDBBA48D2KA100634,0,0,0,0,0,0,0,0,1,0,0,0,0,0,0,1,1,1,1,1,0
19UYA42611A013426,0,0,0,0,0,0,0,0,1,0,0,0,7,0,0,0,5,0,0,1,0
WDBPJ75J93A036224,0,0,0,0,0,4,0,0,2,0,0,0,18,0,0,2,4,2,2,2,0
4C3AU52N9VE032778,0,0,0,0,0,0,0,0,1,0,0,0,0,0,0,0,0,0,0,1,0
2GCEC19V211377209,0,0,0,0,0,1,0,0,2,0,0,0,6,0,0,0,3,0,0,2,0
1NXBR32E83Z189059,0,0,0,0,0,0,0,0,1,0,0,0,0,0,0,0,2,0,0,1,0
5GTDN13E478102261,0,1,0,0,0,2,0,0,2,0,0,0,1,1,0,2,9,2,3,2,0
2G1115S38G9116271,0,0,0,0,0,0,0,0,4,0,0,0,0,0,0,0,0,0,0,4,0
3A8FY48B08T106701,0,0,0,0,0,0,0,0,1,0,0,0,0,0,0,0,4,0,0,1,0
1FMEU53807UA02791,0,0,0,0,0,3,0,0,1,0,0,0,0,0,0,0,1,0,1,1,0
2G1FD3D37F9265123,0,0,0,0,0,0,0,0,10,0,0,0,0,0,0,2,2,0,2,10,0
5GAKRBKD5GJ266792,0,0,0,0,0,0,0,0,4,0,0,0,0,0,0,0,0,0,0,4,0
JNKBV61E88M226622,0,0,0,0,0,0,0,0,1,0,0,0,1,0,0,0,2,0,0,1,0
1G2ZG57B094216545,0,0,0,0,0,0,0,0,1,0,0,0,7,0,0,1,1,1,1,1,0
YV1MS382452116522,0,0,0,0,0,0,0,0,1,0,0,0,4,0,0,1,14,1,2,1,0
JTJHW31U860008535,0,0,0,0,0,0,0,0,1,0,0,0,1,1,0,1,4,0,2,1,0
3FA6P0HD5ER170817,0,0,0,0,0,0,0,0,2,0,0,0,0,0,0,0,2,0,0,2,0
5FNRL18912B006062,0,0,0,0,0,0,0,0,1,0,0,0,2,1,0,0,2,0,0,1,0
1GNEK13Z12R281277,0,0,0,0,0,3,0,0,1,0,0,0,1,0,0,1,1,0,1,1,0
JT2BG22K0Y0418674,0,0,0,0,0,0,0,0,1,0,0,0,3,2,0,0,2,0,2,1,0
2GTEK13T361213212,0,0,0,0,0,0,0,0,1,0,0,0,0,2,0,1,3,1,2,1,0
1N4BL2AP3CN521685,0,0,0,0,0,0,0,0,1,0,0,0,2,0,0,1,2,0,2,1,0
1FTWX33517EA86348,0,0,0,0,0,0,0,0,1,0,0,0,0,0,0,0,1,0,0,1,0
5XXGT4L38GG016426,0,0,0,0,0,0,0,0,2,0,0,0,0,1,0,0,4,0,0,2,0
1HGEM22993L012413,0,0,0,0,0,0,1,0,1,0,0,0,1,0,0,1,2,1,2,1,0
1G1PK5S92B7281657,0,0,0,0,0,0,0,0,10,0,0,0,0,0,0,0,0,0,0,10,0
WBAPH73549E126737,0,0,0,0,0,0,0,0,1,0,0,0,2,0,0,0,0,0,0,1,0
5GTDN136668129243,0,0,0,0,0,0,0,0,1,0,0,0,2,0,0,0,4,0,2,1,0
1FMZU73WX4UC30756,0,0,0,0,0,1,0,0,2,0,0,0,0,0,0,1,2,1,3,2,0
1GTHK29U66E118337,0,0,0,0,0,4,0,0,2,0,0,0,0,0,0,2,4,1,6,2,0
4A3AA46G73E137714,0,0,0,0,0,0,0,0,1,0,0,0,0,0,0,1,2,1,2,1,0
KMHCT4AE3FU792809,0,0,0,0,0,0,0,0,1,0,0,0,3,0,0,0,2,0,0,1,0
1GKKVTED2BJ371010,0,0,0,0,0,0,0,0,4,0,0,0,0,0,0,0,0,1,0,4,0
1G1YY36W085103466,0,3,0,0,0,5,0,0,1,0,0,0,0,0,0,2,1,1,1,1,0
2G1FD1E33F9110863,0,0,0,0,0,0,0,0,2,0,0,0,0,0,0,0,0,0,0,2,0
JM1BK32F991236143,0,0,0,0,0,0,0,0,1,0,0,0,2,1,0,0,3,0,0,1,0
2FMDK3KC4DBA57385,0,0,0,0,0,0,0,0,1,0,0,0,0,0,0,0,0,0,0,1,0
2G4WE587061133764,0,0,0,0,0,0,0,0,2,0,0,0,4,0,0,0,2,0,0,2,0
3A8FY58B16T250244,0,0,0,0,0,4,0,0,0,0,0,0,0,0,0,0,2,1,0,1,0
1GKKRPKDXFJ325818,0,0,0,0,0,0,0,0,10,0,0,0,0,0,0,1,1,0,1,10,0
2GKFLPE30G6191289,0,0,0,0,0,0,0,0,18,0,0,0,1,0,0,0,0,2,0,18,0
5N1AZ2MG3GN100390,0,0,0,0,0,0,0,0,1,0,0,0,1,0,0,0,1,0,0,1,0
1GNSKBKCXFR537623,0,0,0,0,0,0,0,0,4,0,0,0,0,0,0,0,0,0,0,4,0
3CZRM3H34FG714028,0,0,0,0,0,8,0,0,1,0,0,0,2,0,0,1,4,1,2,1,0
1J8GP28K08W133953,0,0,0,0,0,0,0,0,1,0,0,0,2,0,0,0,1,0,0,1,0
1G6KS54Y52U274499,0,0,0,0,0,0,0,0,1,0,0,0,0,0,0,2,2,2,2,1,0
1G1YF2DWXC5107861,0,0,0,0,0,3,0,0,1,0,0,0,3,1,0,1,3,0,4,1,0
19UUA8F5XBA007259,0,0,0,0,0,0,0,0,1,0,0,0,3,0,0,0,2,0,0,1,0
JNKCV54E03M213334,0,0,0,0,0,3,0,0,1,0,0,0,2,0,0,1,1,1,1,1,0
5N1AR18W57C635034,0,0,0,0,0,0,0,0,1,0,0,0,0,1,0,0,0,0,0,1,0
5N1BA08C07N716510,0,0,0,0,0,0,0,0,1,0,0,0,0,1,0,0,0,0,0,1,0
1FTRW07L53KB98976,0,2,0,0,0,2,0,0,4,0,0,0,0,0,0,4,4,0,4,4,0
JN1CA31A61T113019,0,0,0,0,0,0,0,0,1,0,0,0,0,1,0,0,0,0,0,1,0
5FNYF28417B004347,0,0,0,0,0,1,0,0,1,0,0,0,0,0,0,2,6,2,6,1,0
2A8HR54169R580763,0,0,0,0,0,0,0,0,2,0,0,0,0,0,0,0,0,0,0,2,0
1FTPW12536KB51763,0,0,0,0,0,0,0,0,1,0,0,0,8,0,0,1,6,1,4,1,0
19UUA765X8A049739,0,0,0,0,0,0,0,0,1,0,0,0,3,0,0,0,1,0,0,1,0
1G2AS18H597158325,0,0,0,0,0,3,0,0,0,0,0,0,7,1,0,0,5,2,0,3,0
2G1145S39G9126475,0,0,0,0,0,0,0,0,10,0,0,0,0,0,0,0,0,0,0,10,0
1N6AA06AX4N585807,0,0,0,0,0,0,0,0,1,0,0,0,0,0,0,1,2,1,2,1,0
1FMZK02156GA37368,0,1,0,0,0,0,0,0,2,0,0,0,0,0,0,4,11,1,7,2,0
JTEZU11F570006516,0,0,0,0,0,0,0,0,1,0,0,0,1,0,0,0,8,0,2,1,0
2T1BU4EE6BC548408,0,0,0,0,0,0,0,0,1,0,0,0,0,0,0,0,4,0,4,1,0
1GKES16S156158273,0,0,0,0,0,0,0,0,1,0,0,0,2,0,0,1,2,1,2,1,0
5XXGM4A78FG383800,0,0,0,0,0,0,0,0,1,0,0,0,1,0,0,0,1,0,0,1,0
1FMCU0J93FUA46630,0,0,0,0,0,0,0,0,1,0,0,0,0,0,0,1,1,1,1,1,0
3FAHP08136R140876,0,1,0,0,0,2,0,0,2,0,0,0,0,0,0,2,1,0,2,1,0
2GCEK19J371655849,0,0,0,0,0,0,0,0,0,0,0,0,18,0,0,0,2,0,0,1,0
5TFJU4GN9DX042777,0,1,0,0,0,0,0,0,2,0,0,0,0,0,0,2,3,2,3,2,0
1G11C5SA1GF151332,0,0,0,0,0,0,0,0,2,0,0,0,0,0,0,0,0,0,0,2,0
1G11C5SA5GF140513,0,0,0,0,0,0,0,0,2,0,0,0,0,0,0,1,1,0,1,2,1
1C4PJLCBXFW759822,0,0,0,0,0,0,0,0,1,0,0,0,0,0,0,0,1,0,0,1,0
5FNRL18064B114620,0,0,0,0,0,0,0,0,3,0,0,0,2,0,0,1,9,0,3,3,0
YV1MS390X92454185,0,0,0,0,0,0,0,0,1,0,0,0,0,0,0,1,4,1,4,1,0
1GNFK13057R384974,0,0,0,0,0,0,0,0,1,0,0,0,0,0,0,0,0,0,0,1,0
1FTFW1CV2AKB23049,0,0,0,0,0,0,0,0,1,0,0,0,0,0,0,1,2,1,2,1,0
2CNDL13F456147060,0,0,0,0,0,0,0,0,1,0,0,0,0,0,0,0,2,0,0,1,0
1B7GN14M2HS496017,0,0,0,0,0,0,0,0,1,0,0,0,1,0,0,0,2,0,0,1,0
JHLRD68422C000057,0,0,0,0,0,0,0,0,1,0,0,0,0,0,0,1,2,1,2,1,0
3D7UT2CL8AG146756,0,0,0,0,0,0,0,0,0,0,0,0,1,0,0,0,0,0,0,0,0
3GNAL2EK4DS617361,0,0,0,0,0,0,0,0,10,0,0,0,0,0,0,2,2,0,2,10,0
1C4PJLCB1FW694701,0,0,0,0,0,0,0,0,16,0,0,0,0,0,0,1,1,0,1,16,1
1G2MB33B26Y000977,0,0,0,0,0,0,0,0,1,0,0,0,21,0,0,2,5,1,2,1,0
1HGCB7650NL014068,0,0,0,0,0,0,0,0,1,0,0,0,2,0,0,0,1,0,0,1,0
3D7LX39C56G213401,0,0,0,0,0,0,0,0,1,0,0,0,2,0,0,1,2,1,2,1,0
3GCPKSE78CG309676,0,0,0,0,0,0,0,0,1,0,0,0,3,0,0,0,1,0,0,1,0
1G1PG5SB4G7107813,0,0,0,0,0,0,0,0,6,0,0,0,0,0,0,0,0,0,0,6,0
1G1YY22G615124854,0,0,0,0,0,0,0,0,2,0,0,0,0,2,0,0,4,0,4,2,0
1G11B5SL9EF159065,0,0,0,0,0,0,0,0,2,0,0,0,0,0,0,1,1,0,1,2,1
1FMZU67E22UD53296,0,0,0,0,0,0,0,0,1,0,0,0,0,0,0,0,1,0,0,1,0
2G1WB58K781361533,0,0,0,0,0,0,0,0,3,0,0,0,5,2,0,0,2,0,0,3,0
5NMSG13D88H179814,0,0,0,0,0,0,0,0,1,0,0,0,3,0,0,0,2,0,0,1,0
WVGUV7AXXHW508522,0,0,0,0,0,0,0,0,0,0,0,0,1,0,0,0,6,1,0,2,0
1FTRF12W19KB73413,0,0,0,0,0,0,0,0,1,0,0,0,0,0,0,1,1,1,1,1,0
1FTYR14U96PA37088,0,0,0,0,0,0,0,0,1,0,0,0,4,0,0,1,1,0,1,1,0
1C3CDZABXDN534349,0,0,0,0,0,0,0,0,1,0,0,0,0,0,0,0,2,0,0,1,0
1C3CCCBBXFN680560,0,0,0,0,0,0,0,0,1,0,0,0,0,0,0,1,1,1,2,1,0
1VWBP7A39DC019301,0,0,0,0,0,0,0,0,1,0,0,0,0,0,0,1,2,1,2,1,0
1G1ZW63116F115766,0,0,0,0,0,0,0,0,1,0,0,0,0,0,0,1,4,1,2,1,0
1FTMF1CW6AKB22714,0,0,0,0,0,0,0,0,1,0,0,0,0,0,0,0,0,0,0,1,0
5NPDH4AE3FH550767,0,1,0,0,0,0,0,0,2,0,0,0,0,0,0,2,2,0,2,2,0
3GCUKREC3FG272355,0,0,0,0,0,0,0,0,2,0,0,0,0,0,0,0,0,0,0,2,0
1ZVFT80N965131903,0,0,0,0,0,2,0,0,1,0,0,0,8,0,0,1,7,1,2,1,0
WDCGG8JB0EG273697,0,0,0,0,0,0,0,0,1,0,0,0,1,0,0,0,2,0,0,1,0
2G1WF52E059382292,0,0,0,0,0,0,0,0,1,0,0,0,7,0,0,0,1,0,0,1,0
1G11C5SL5EF219758,0,0,0,0,0,3,0,0,3,0,0,0,1,0,0,1,8,1,2,3,3
1FMJU1HT2FEF25310,0,0,0,0,0,0,0,0,1,0,0,0,1,0,0,1,2,1,2,1,0
1C4RJEBG5GC320595,0,0,0,0,0,0,0,0,1,0,0,0,0,0,0,0,1,0,0,1,0
1FADP3F20FL242551,0,0,0,0,0,0,0,0,6,0,0,0,0,0,0,0,0,0,0,6,0
2S3DA517776111218,0,0,0,0,0,0,0,0,1,0,0,0,0,0,0,1,1,1,1,1,0
JA4AS2AW0AZ006417,0,0,0,0,0,3,0,0,2,0,0,0,1,0,0,1,4,1,2,2,0
5NPEB4ACXDH726800,0,0,0,0,0,0,0,0,1,0,0,0,1,0,0,0,1,0,0,1,0
1FMZK06135GA13708,0,0,0,0,0,0,0,0,1,0,0,0,0,0,0,1,2,2,2,1,0
5NPE24AF5FH121743,0,0,0,0,0,0,0,0,4,0,0,0,0,0,0,0,0,0,0,4,0
1FTPW14V36FB27968,0,0,0,0,0,0,0,0,1,0,0,0,2,0,0,0,0,0,0,1,0
4S3BG6854X7639037,0,0,0,0,0,0,0,0,1,0,0,0,2,0,0,0,2,0,0,1,0
1J4GL58K94W274416,0,0,0,0,0,0,0,0,1,0,0,0,0,0,0,0,4,0,0,1,0
JN8AS58T58W014631,0,0,1,0,0,0,0,0,1,7,0,1,6,0,1,1,1,1,2,1,1
KL4CJBSB8GB659795,0,0,0,0,0,0,0,0,0,0,0,0,0,0,0,0,2,1,2,1,0
1B3ES56C93D113698,0,0,0,0,0,4,0,0,1,0,0,0,5,1,0,1,2,1,2,1,0
1FTPX14V18FA69794,0,0,0,0,0,0,0,0,1,0,0,0,2,0,0,0,6,0,0,1,0
1N4AL2AP3CN508821,0,0,0,0,0,0,0,0,0,0,0,0,2,0,0,0,3,1,1,1,0
1G11E5SA5GF155278,0,0,0,0,0,0,0,0,8,0,0,0,0,0,0,0,0,0,0,8,0
WBAVB33566PS19468,0,0,0,0,0,0,0,0,1,0,0,0,1,0,0,0,4,0,0,1,0
4JGBB86E86A008060,0,0,0,0,0,3,0,0,1,0,0,0,2,0,0,1,6,2,4,1,0
1C4NJPBA8GD550499,0,0,0,0,0,0,0,0,2,0,0,0,0,0,0,0,0,0,0,2,0
WVWAK73C96P048576,0,0,0,0,0,0,0,0,1,0,0,0,3,0,0,0,1,0,0,1,0
2GKALMEK3D6232316,0,0,0,0,0,0,0,0,1,0,0,0,2,1,0,0,2,0,2,1,0
1G1YY2385L5111782,0,0,0,0,0,0,0,0,1,0,0,0,1,0,0,1,1,1,2,1,0
1GC1KUEG5FF164524,0,0,0,0,0,4,0,0,1,0,0,0,6,0,0,1,4,1,2,1,0
1GNFC33J99R217375,0,0,0,0,0,0,0,0,1,0,0,0,0,0,0,1,1,1,2,1,0
JN8AR07Y0YW445678,0,1,0,0,0,0,0,0,2,0,0,0,5,0,0,1,3,0,1,2,0
WBANB33584B113498,0,0,0,0,0,0,0,0,1,0,0,0,0,0,0,0,3,0,2,1,0
1G1ZG57B69F105989,0,1,0,0,0,0,0,0,1,0,0,0,2,0,0,3,1,0,1,1,0
WDBUF56J56A848826,0,0,0,0,0,0,0,0,1,0,0,0,0,0,0,0,0,0,0,1,0
1G4GC5ECXBF342007,0,0,0,0,0,0,0,0,9,0,0,0,0,0,0,0,0,0,0,9,0
KMHWF25H02A701939,0,0,0,0,0,5,0,0,1,0,0,0,37,0,0,2,6,0,4,1,0
1HGCP2F47CA164506,0,0,0,0,0,0,0,0,1,0,0,0,1,0,0,0,1,0,0,1,0
4T1BE46KX9U801515,0,0,0,0,0,0,0,0,1,0,0,0,0,0,0,0,0,0,0,1,0
1G1ZG57B28F169381,0,1,0,0,0,0,0,0,2,0,0,0,0,0,0,4,3,4,3,2,0
1HGEM21532L027079,0,0,0,0,0,0,0,0,2,0,0,0,1,1,0,0,6,0,0,2,0
5J6RE48709L011099,0,0,0,0,0,0,0,0,1,0,0,0,0,0,0,0,0,0,0,1,0
KL5JD56Z58K800262,0,0,0,0,0,0,0,0,1,0,0,0,3,0,0,2,4,1,2,1,0
1G1ZC5E02CF343858,0,0,0,0,0,0,0,0,12,0,0,0,4,0,0,0,0,1,0,12,0
1HGCR2F52FA015136,0,0,0,0,0,0,0,0,1,0,0,0,1,0,0,0,1,0,0,1,0
5TDZT34A83S158879,0,1,0,0,0,0,0,0,1,0,0,0,0,0,0,2,1,2,1,1,0
2CTALUEC2B6318335,0,0,0,0,0,0,0,0,18,0,0,0,0,0,0,0,0,0,0,18,0
1FTWW33P26EB11387,0,0,0,0,0,0,0,0,0,0,0,0,2,0,0,0,0,0,0,1,0
2G1FA1E30C9171222,0,0,0,0,0,0,0,0,1,0,0,0,1,0,0,0,1,0,0,1,0
1HGCM66533A056182,0,1,0,0,0,1,0,0,1,0,0,0,7,0,0,1,3,0,1,1,0
2G1FD1E35F9284403,0,0,0,0,0,0,0,0,4,0,0,0,0,0,0,0,0,0,0,4,0
KNDJC735795873465,0,0,0,0,0,0,0,0,1,0,0,0,2,0,0,0,0,0,0,1,0
JTDBR32E060063486,0,0,0,0,0,3,0,0,1,0,0,0,2,0,0,1,1,1,1,1,0
2GKFLPE38G6225009,0,1,0,0,0,0,0,0,26,0,0,0,5,0,0,0,0,3,0,26,0
1ZVHT88S695135463,0,0,0,0,0,0,0,0,1,0,0,0,0,0,0,0,2,0,0,1,0
2HNYD28669H517480,0,0,0,0,0,10,0,0,1,0,0,0,17,0,0,3,1,2,1,1,0
2G4GN5EX1E9268499,0,0,0,0,0,0,0,0,8,0,0,0,0,0,0,0,0,0,0,8,0
1G1PG5SB6G7105447,0,0,0,0,0,0,0,0,5,0,0,0,0,0,0,0,2,0,0,5,0
JTMBD33V576050731,0,0,0,0,0,0,0,0,2,0,0,0,0,3,0,0,6,0,2,2,0
1C3CCBBB0DN577770,0,0,0,0,0,0,0,0,2,0,0,0,0,0,0,1,1,0,1,2,1
3N1BC13E39L351176,0,0,0,0,0,0,0,0,4,0,0,0,2,0,0,2,12,2,4,4,0
WBAVD135X6KV04881,0,0,0,0,0,0,0,0,1,0,0,0,6,0,0,0,2,1,2,1,0
1FADP3F24FL202036,0,0,0,0,0,0,0,0,2,0,0,0,0,0,0,0,0,0,0,2,0
1C6RR7NT2GS125693,0,0,0,0,0,0,0,0,0,0,0,0,2,0,0,0,2,0,0,1,0
3VW4T7AJ0HM213870,0,0,0,0,0,0,0,0,0,0,0,0,0,0,0,0,0,0,0,1,0
5TBDT441X5S473338,0,0,0,0,0,0,0,0,0,0,0,0,1,0,0,0,4,1,2,1,0
2C3CDXBGXEH192507,0,0,0,0,0,0,0,0,4,0,0,0,0,0,0,0,0,0,0,4,0
3C8FY68B24T234840,0,0,0,0,0,0,0,0,1,0,0,0,6,1,0,0,2,1,2,1,0
1G1YY25W595111026,0,0,0,0,0,0,0,0,1,0,0,0,2,0,0,0,0,0,0,1,0
1GKKRPED1BJ259407,0,0,0,0,0,0,0,0,1,0,0,0,0,0,0,0,0,0,0,1,0
1G1ZE5E18BF292853,0,0,0,0,0,0,0,0,1,0,0,0,0,0,0,1,1,1,1,1,0
5GAKRBKD3GJ260103,0,0,0,0,0,0,0,0,2,0,0,0,0,0,0,0,0,0,0,2,0
1GAZG1FGXF1123927,0,0,0,0,0,0,0,0,6,0,0,0,0,0,0,0,0,0,0,6,0
1N4AL21E09N412569,0,0,0,0,0,0,0,0,2,0,0,0,11,0,0,1,9,1,2,2,0
1G1PF5SB8G7124469,0,0,0,0,0,0,0,0,2,0,0,0,0,0,0,0,0,0,0,2,0
1HGCD5633SA143457,0,0,0,0,0,0,0,0,1,0,0,0,6,0,0,0,1,0,0,1,0
3TMJU62N76M018201,0,0,0,0,0,0,0,0,1,0,0,0,1,0,0,0,0,0,0,1,0
1ZVFT80N275202845,0,0,0,0,0,0,0,0,1,0,0,0,0,0,0,0,1,0,0,1,0
1GCHSDFE5B8117990,0,0,0,0,0,0,0,0,4,0,0,0,3,0,0,2,2,0,2,4,2
1FTRX17262NB28751,0,1,0,0,0,0,0,0,2,0,0,0,4,0,0,3,2,1,2,2,0
1GCCS19XX38145436,0,0,0,0,0,0,0,0,1,0,0,0,11,0,0,1,2,1,2,1,0
1HGCG1654YA084011,0,0,0,0,0,0,0,0,1,0,0,0,0,0,0,0,2,0,0,1,0
1J4GL48K63W679500,0,1,0,0,0,0,0,0,2,0,0,0,3,0,0,2,2,1,2,2,0
1GNEC23369R235226,0,1,0,0,0,0,0,0,2,0,0,0,0,0,0,2,3,0,1,2,0
1HGCP2F39CA206942,0,0,0,0,0,0,0,0,1,0,0,0,0,0,0,0,1,1,2,1,0
2C3CDYAGXDH670186,0,0,0,0,0,0,0,0,8,0,0,0,0,0,0,0,0,1,0,8,0
WBAHL83517DT10934,0,0,0,0,0,0,0,0,1,0,0,0,13,0,0,0,3,0,0,1,0
1FAFP90S45Y401965,0,0,0,0,0,0,0,0,1,0,0,0,0,0,0,0,0,0,0,1,0
SALVR2BG9DH848296,0,0,0,0,0,0,0,0,1,0,0,0,2,0,0,1,1,0,3,1,0
5NPE34AF9FH099744,0,0,0,0,0,0,0,0,1,0,0,0,1,0,0,0,4,0,0,1,0
1G1PD5SH2C7206427,0,0,0,0,0,0,0,1,1,0,0,0,0,0,0,0,3,0,0,1,1
1FMCU03166KC03005,0,0,0,0,0,0,0,0,0,0,0,0,0,0,0,0,3,1,0,1,0
1C4NJDBB7FD439965,0,0,0,0,0,0,0,0,4,0,0,0,0,0,0,0,0,0,0,4,0
3D7KS28A58G115573,0,0,0,0,0,0,0,0,1,0,0,0,0,0,0,0,0,0,0,1,0
2GNALCEK3G6160163,0,0,0,0,0,0,0,0,2,0,0,0,0,0,0,0,0,0,0,2,0
1FM5K8D84DGA50892,0,0,0,0,0,0,0,0,4,0,0,0,0,0,0,0,0,0,0,4,0
2G1WF5E34D1193183,0,0,0,0,0,4,0,0,1,0,0,0,7,0,0,2,3,2,3,1,0
JN8AR05Y3XW321907,0,0,0,0,0,0,0,0,1,0,0,0,0,0,0,0,2,0,0,1,0
1G4PP5SK3D4117054,0,0,0,0,0,0,0,0,2,0,0,0,0,0,0,0,0,0,0,2,0
2G1FB3DD6B9212163,0,0,0,0,0,0,0,0,6,0,0,0,0,0,0,0,0,0,0,6,0
1FTPX14534NC11661,0,0,0,0,0,0,0,0,1,0,0,0,1,0,0,1,1,1,1,1,0
JM3KE4BE8E0386157,0,0,0,0,0,0,0,0,8,0,0,0,0,0,0,4,4,0,4,8,0
2G1115SLXF9201949,0,1,0,0,0,13,0,1,4,0,0,0,38,1,0,4,23,3,17,4,7
1J4GK58K45W542499,0,0,0,0,0,0,0,0,1,0,0,0,2,0,0,0,2,0,0,1,0
KMHGC4DD5CU181731,0,0,0,0,0,0,0,0,1,0,0,0,2,0,0,0,1,0,0,1,0
1G1PF5SB6G7102583,0,0,0,0,0,0,0,0,10,0,0,0,0,0,0,0,0,0,0,10,0
3GNEC13T92G104596,0,0,0,0,0,0,0,0,1,0,0,0,0,0,0,0,2,0,0,1,0
WDBRF40J44A588747,0,0,0,0,0,0,0,1,1,0,0,0,1,0,0,2,2,2,2,1,1
1ZVHT80N165249758,0,0,0,0,0,0,0,0,1,0,0,0,0,0,0,0,2,0,0,1,0
WBAHN83588DT81947,0,0,0,0,0,0,0,0,1,0,0,0,4,0,0,1,1,1,2,1,0
1G4HD57207U151611,0,0,0,0,0,0,0,0,1,0,0,0,1,0,0,0,2,0,0,1,0
5NPE24AF7FH075199,0,0,0,0,0,0,0,0,2,0,0,0,0,0,0,1,1,0,1,2,1
JN8AZ08T77W501889,0,0,0,0,0,0,0,0,2,0,0,0,2,0,0,0,0,0,0,2,0
3N1AB6AP7BL609642,0,0,0,0,0,0,0,0,1,0,0,0,1,0,0,1,1,1,1,1,0
1G1PC5SH4G7210469,0,0,0,0,0,0,0,0,8,0,0,0,0,0,0,0,2,0,0,8,0
1N4AL3AP9FC194033,0,0,0,0,0,0,0,0,1,0,0,0,0,0,0,0,1,0,0,1,0
1FTPX12V57FA55754,0,0,0,0,0,0,0,0,1,0,0,0,0,1,0,0,2,0,0,1,0
WMWMF73519TW87238,0,0,0,0,0,0,0,0,0,9,2,0,3,0,1,0,3,1,2,1,0
JHMCG6688YC034740,0,1,0,0,0,0,0,0,2,0,0,0,4,1,0,1,3,1,1,2,0
1FADP3F22FL206537,0,0,0,0,0,0,0,0,4,0,0,0,0,0,0,0,0,0,0,4,0
1FTFW1ETXEFA98783,0,0,0,0,0,0,0,0,1,0,0,0,3,0,0,0,2,0,0,1,0
KNDMB233986248348,0,0,0,0,0,0,0,0,1,0,0,0,1,0,0,1,2,0,2,1,0
1FTCR14U3PPA81373,0,0,0,0,0,0,0,0,3,0,0,0,6,0,0,1,6,1,2,3,0
KMHHT6KD9DU100265,0,0,0,0,0,0,0,0,2,0,0,0,0,0,0,0,0,0,0,2,0
WA1EY74L37D075316,0,0,0,0,0,0,0,0,2,0,0,0,11,0,0,0,3,0,0,2,0
3GNFC16067G134829,0,0,0,0,0,0,0,0,1,0,0,0,0,0,0,0,1,1,1,1,0
WVWBA71F98V023924,0,0,0,0,0,0,0,1,1,0,0,0,0,0,0,0,1,0,0,1,0
1D4PT4GX5BW606896,0,0,0,0,0,0,0,0,2,0,0,0,0,0,0,0,0,0,0,2,0
1FMZK02186GA11976,0,0,0,0,0,4,0,0,1,0,0,0,1,0,0,0,2,1,2,1,0
1FTRW08L13KB99363,0,0,0,0,0,4,0,0,1,0,0,0,1,1,0,2,2,0,4,1,0
JTEZU14R450045276,0,0,0,0,0,0,0,0,1,0,0,0,3,1,0,0,6,0,0,1,0
1ZVFT84N565158798,3,0,0,2,0,3,0,0,2,13,1,0,6,0,1,3,10,3,8,2,0
1GKFC33J99R205465,0,0,0,0,0,0,0,0,1,0,0,0,0,1,0,0,2,0,0,1,0
1D7HA16N16J104224,0,0,0,0,0,0,0,0,1,0,0,0,4,1,0,0,9,0,0,1,0
WAUDF78E28A133242,0,0,0,0,0,0,0,0,1,0,0,0,3,0,0,0,2,0,0,1,0
5TFRU54138X011590,0,0,0,0,0,0,0,0,2,0,0,0,1,0,0,1,1,1,1,2,0
5Y2SP67839Z470454,0,0,0,0,0,0,0,0,0,0,0,0,0,0,0,0,1,0,0,1,0
WAUDF78E27A179894,0,0,0,0,0,0,0,0,1,0,0,0,2,0,0,0,2,0,0,1,0
2GNALCEK5G6242346,0,0,0,0,0,0,0,0,2,0,0,0,0,0,0,0,0,0,0,2,0
2FMDK3AK9DBA30904,0,0,0,0,0,0,0,0,4,0,0,0,0,0,0,0,0,0,0,4,0
4S2CK57D5W4368810,0,0,0,0,0,0,0,0,2,0,0,0,5,2,0,0,7,0,0,2,0
1ZVHT80N495136942,0,0,0,0,0,3,0,0,1,0,0,0,4,1,0,0,4,0,0,1,0
1FMDU74E5YZB15264,0,0,1,0,0,0,0,0,1,0,0,0,2,0,0,0,0,0,0,1,0
2D4RN5D18AR283072,0,0,0,0,0,0,0,0,1,0,0,0,10,1,0,0,4,0,0,1,0
1G1YY36W795200004,0,0,0,0,0,0,0,0,1,0,0,0,0,1,0,0,0,0,0,1,0
1N4BL11D85C191301,0,0,0,0,0,0,0,0,1,0,0,0,3,0,0,0,1,0,0,1,0
1GNSKCKCXFZ191823,0,0,0,0,0,0,0,0,1,0,0,0,5,0,0,1,2,0,2,1,0
1FM5K7B8XDGC93667,0,1,0,0,0,0,0,0,1,0,0,0,0,0,0,2,1,1,3,1,0
1G1ZC5EB9AF276402,0,0,0,0,0,0,0,0,1,0,0,0,7,0,0,0,1,0,0,1,0
5NPEC4AC7BH167037,0,0,0,0,0,0,0,0,1,0,0,0,0,1,0,0,0,0,0,1,0
JM1BM1U77G1304375,0,0,0,0,0,0,0,0,1,0,0,0,0,0,0,0,4,0,0,1,0
3GYFNAEY9AS513977,0,0,0,0,0,0,0,0,1,0,0,0,0,0,0,1,1,1,6,1,0
SALMF1E46AA320817,0,1,0,1,0,0,0,0,3,0,0,0,1,1,0,2,6,2,4,3,0
1G1AK55F667642935,0,0,0,0,0,0,0,0,1,0,0,0,0,0,0,1,1,1,1,1,0
5NMSG13D19H247064,0,0,0,0,0,0,0,0,1,0,0,0,1,0,0,1,1,1,1,1,0
1GTR2VE70DZ229798,0,0,0,0,0,0,0,0,0,0,0,0,0,0,0,0,0,0,0,1,0
1GNSCJKC1FR568413,0,0,0,0,0,0,0,0,10,0,0,0,0,0,0,0,0,0,0,10,0
1J4G248S0YC227943,0,0,0,0,0,0,0,0,1,0,0,0,0,1,0,0,4,0,0,1,0
1G6DM57N730117800,0,0,0,0,0,0,0,0,1,0,0,0,7,1,0,1,3,1,3,1,0
2T2HA31U55C047911,0,0,0,0,0,0,0,0,0,0,0,0,7,0,0,0,8,1,2,1,0
1G1ZD5E01CF192508,0,1,0,0,0,3,0,0,2,0,0,0,0,1,0,2,3,4,5,2,0
4T1FA38PX6U085226,0,0,0,0,0,0,0,0,1,0,0,0,0,0,0,1,1,1,1,1,0
3N1AB6AP1BL682733,0,0,0,0,0,0,0,0,1,0,0,0,3,1,0,0,0,0,0,1,0
1G2ZH578564112646,0,0,0,0,0,0,0,0,1,0,0,0,2,0,0,0,1,0,0,1,0
3D4PH5FV7AT282796,0,0,0,0,0,0,0,0,1,0,0,0,9,1,0,0,2,0,0,1,0
KL4CJDSB2DB181638,0,0,0,0,0,0,0,0,4,0,0,0,0,0,0,0,0,0,0,4,0
1G11C5SA5GF156369,0,0,0,0,0,0,0,0,1,0,0,0,0,0,0,0,0,0,0,1,0
1GTHC33F7WF026709,0,0,0,0,0,0,0,0,1,0,0,0,2,0,0,0,2,0,0,1,0
2FMDK39C68BA58811,0,0,0,0,0,0,0,0,1,0,0,0,0,0,0,0,0,0,0,1,0
5J6RE3H39BL038265,0,1,0,0,0,0,0,0,3,0,0,0,1,0,0,2,2,0,2,3,2
1FMCU93136KA24196,0,0,0,0,0,0,0,0,2,0,0,0,0,1,0,0,2,0,0,2,0
3GCPKSE38BG355200,0,0,0,0,0,0,0,0,8,0,0,0,1,0,0,0,1,1,0,8,0
2G1115S38G9117629,0,0,0,0,0,0,0,0,6,0,0,0,0,0,0,0,0,0,0,6,0
5TBBT44141S174994,0,0,0,0,0,0,0,0,1,0,0,0,1,0,0,1,2,2,2,1,0
3GNEC12027G129158,0,0,0,0,0,0,0,0,2,0,0,0,0,0,0,0,0,0,0,2,0
3GYFNBE32GS532454,0,0,0,0,0,0,0,0,2,0,0,0,0,0,0,0,0,0,0,2,0
1N4AA5AP8AC827647,0,0,0,0,0,0,0,0,1,0,0,0,0,0,0,0,2,0,0,1,0
JM1CR2W36A0368961,0,0,0,0,0,0,0,0,0,11,2,0,0,0,1,0,1,1,1,1,0
1G4GB5G3XEF175202,0,0,0,0,0,0,0,0,4,0,0,0,0,0,0,2,2,0,2,4,0
1N4AL11D96N328540,0,0,0,0,0,0,0,0,1,0,0,0,0,0,0,0,1,0,0,1,0
1GCEK19T73E208659,0,0,0,0,0,3,0,0,2,0,0,0,0,0,0,1,2,1,2,2,0
1G4GB5G31GF141197,0,0,0,0,0,0,0,0,4,0,0,0,0,0,0,0,0,0,0,4,0
JT8BH28F1Y0174286,0,0,0,0,0,0,0,0,1,0,0,0,0,1,0,0,2,0,0,1,0
WBANE73506CM41087,0,0,0,0,0,0,0,0,1,0,0,0,0,1,0,1,2,0,2,1,0
1FMCU9GX3EUE21540,0,0,0,0,0,0,0,0,1,0,0,0,7,0,0,0,1,0,0,1,0
2C3CA5CV9AH220866,0,0,0,0,0,0,0,0,2,0,0,0,0,0,0,0,0,0,0,2,0
2G4WD562X51256061,0,0,0,0,0,0,0,0,2,0,0,0,0,1,0,0,2,0,0,2,0
KNDJC733365539945,0,0,0,0,0,0,0,0,1,0,0,0,0,0,0,0,2,0,2,1,0
1FTRE14212HA94937,0,0,0,0,0,0,0,0,0,0,0,0,1,0,0,0,2,0,0,1,0
KNDJT2A57C7439211,0,0,0,0,0,4,0,0,1,0,0,0,1,0,0,0,2,0,0,1,0
JH4KA8270SC001406,0,0,0,0,0,0,0,0,2,0,0,0,3,0,0,0,5,0,0,2,0
JTDKN3DU8E1824094,0,0,0,0,0,0,0,0,2,0,0,0,0,0,0,0,0,0,0,2,0
1GYEE637750182087,0,0,0,0,0,4,1,1,2,0,0,0,4,0,0,1,1,1,1,2,1
JTEZU11F670015077,0,0,0,0,0,0,0,0,1,0,0,0,2,1,0,0,0,0,0,1,0
1D7HA18N42J267618,0,0,0,0,0,0,0,0,1,0,0,0,0,0,0,0,6,0,0,1,0
1N4AL11D14C167867,0,1,0,0,0,0,0,0,2,0,0,0,0,0,0,0,1,1,1,2,0
1J8FF28W47D356248,0,0,0,0,0,0,0,0,2,0,0,0,7,0,0,2,5,1,3,2,0
3VWBK31C85M404386,0,0,0,0,0,0,0,0,1,0,0,0,2,0,0,0,1,0,0,1,0
YV1MS382552075706,0,0,0,0,0,0,0,0,1,0,0,0,2,0,0,1,2,0,2,1,0
2T1KU4EE8AC405121,0,0,0,0,0,0,0,0,1,0,0,0,0,0,0,1,1,1,1,1,0
1ZVBP8CH3A5124110,0,0,0,0,0,0,0,0,1,0,0,0,0,0,0,0,2,0,0,1,0
5Y2SL65867Z401978,0,0,0,0,0,0,0,0,1,0,0,0,0,0,0,0,1,0,0,1,0
5NMSH13E37H026892,0,0,0,0,0,0,0,0,1,0,0,0,0,0,0,0,2,0,0,1,0
JN8AZ18U99W029180,0,0,0,0,0,1,0,0,1,0,0,0,3,0,0,1,4,1,2,1,0
1G2AL15F577216205,0,0,0,0,0,0,0,0,1,0,0,0,3,0,0,0,2,0,0,1,0
3C4BDCAB9FT584554,0,0,0,0,0,0,0,0,1,0,0,0,0,0,0,0,1,0,0,1,0
2D4GV58235H147308,0,0,0,0,0,0,0,0,0,0,0,0,6,0,0,0,4,0,0,1,0
1NXBU4EE1AZ279117,0,0,0,0,0,6,0,0,1,0,0,0,2,0,0,0,8,0,0,1,0
2GTEC13Z961293469,0,0,0,0,0,0,0,0,1,0,0,0,1,0,0,1,2,1,2,1,0
JM3ER293190218067,0,0,0,0,0,0,0,0,1,0,0,0,0,0,0,0,2,0,0,1,0
WA1AY74L17D067360,0,0,0,0,0,0,0,0,1,0,0,0,3,0,0,1,1,0,1,1,0
1FTKR1ED3APA70469,0,0,0,0,0,0,0,0,1,0,0,0,5,1,0,0,3,0,0,1,0
2T1BU4EE2AC195664,0,0,0,0,0,0,0,0,0,0,0,0,0,0,0,1,1,0,2,0,0
1NXBU40E59Z150266,0,4,0,0,0,0,0,0,6,0,0,0,1,1,0,7,9,7,6,6,0
5J6YH287X6L001389,0,0,0,0,0,0,0,0,2,0,0,0,6,0,0,0,6,0,0,2,0
1FAFP36353W307535,0,0,0,0,0,0,0,0,1,0,0,0,0,0,0,0,2,0,0,1,0
3FAHP0HAXCR347759,0,0,0,0,0,0,0,0,1,0,0,0,0,0,0,1,4,1,2,1,0
2CNALDEC9B6243818,0,0,0,0,0,5,0,0,1,0,0,0,7,0,0,2,2,1,4,1,0
1FMHK8D8XBGA06762,0,0,0,0,0,0,0,0,1,0,0,0,2,1,0,0,4,0,2,1,0
1FMZU67K94UB59888,0,0,0,0,0,0,0,0,1,0,0,0,0,0,0,0,2,0,0,1,0
1GCHK29152E109791,0,0,0,0,0,1,1,0,1,0,0,0,0,0,0,1,1,1,1,1,0
1HGCP26778A061944,0,0,0,0,0,7,0,0,3,9,0,1,9,0,1,1,5,1,6,3,0
5TBBT4812YS062313,0,0,0,0,0,0,0,0,1,0,0,0,0,0,0,1,2,1,2,1,0
1GKKRPKD0FJ366443,0,0,0,0,0,0,0,0,18,0,0,0,0,0,0,2,2,0,2,18,0
5TELU42N66Z274989,0,0,0,0,0,0,0,0,1,0,0,0,0,0,0,0,2,0,0,1,0
1GNSCBKC6FR239339,0,0,0,0,0,0,0,0,30,0,0,0,0,0,0,0,0,1,0,30,0
WBAEV33434KR34152,0,0,0,0,0,5,1,0,3,0,0,0,3,0,0,2,4,2,5,3,0
3MZBM1L76FM209368,0,0,0,0,0,0,0,0,4,0,0,0,0,0,0,0,0,0,0,4,0
1GNFC13C37R265103,0,0,0,0,0,0,0,0,1,0,0,0,5,0,0,0,1,0,0,1,0
WDBRF52H36A828339,0,0,0,0,0,0,0,0,1,0,0,0,1,1,0,0,2,0,0,1,0
JN8AF5MRXCT117519,0,1,0,0,0,0,0,0,1,0,0,0,11,1,0,1,3,0,1,1,0
1FADP3F22DL245738,0,0,0,0,0,0,0,0,1,0,0,0,1,0,0,0,1,0,0,1,0
2CNDL13F056041527,0,0,0,0,0,0,0,0,1,0,0,0,0,0,0,0,1,0,0,1,0
1FMZK01126GA03843,0,0,0,0,0,0,0,0,2,0,0,0,0,0,0,0,0,0,0,1,0
WDBRF64J64F494345,0,0,0,0,0,0,0,0,1,0,0,0,1,0,0,0,0,0,0,1,0
1N4BA41E75C852347,0,0,0,0,0,0,0,0,1,0,0,0,0,0,0,0,1,0,2,1,0
WVWDR91K06W158114,0,0,0,0,0,0,0,0,1,0,0,0,1,1,0,1,6,1,2,1,1
4T1BF28BX1U143021,0,7,0,0,0,5,0,0,9,0,0,0,2,0,0,9,9,1,8,9,0
1G11D5SL3FF257942,0,0,0,0,0,0,0,0,2,0,0,0,0,0,0,0,0,0,0,2,0
1GNKRHKD4GJ120425,0,0,0,0,0,0,0,0,4,0,0,0,0,0,0,0,0,0,0,4,0
JT3VN39W0M8014203,0,0,0,1,0,0,1,0,1,0,0,0,1,2,0,2,10,2,4,1,0
2LMHJ5FR3ABJ10365,0,0,0,0,0,6,0,0,3,0,0,0,1,0,0,6,3,4,3,3,0
KM8SC13D52U300385,0,1,0,0,0,4,0,0,1,0,0,0,0,0,0,0,1,1,1,1,0
1GNFC130X7R418677,0,0,0,0,0,0,0,0,2,0,0,0,6,1,0,2,4,2,4,2,0
3C6UR5CL8EG152371,0,0,0,0,0,0,0,0,1,0,0,0,0,0,0,1,2,1,2,1,0
WBAGN63595DS60906,0,0,0,0,0,0,0,0,1,0,0,0,0,0,0,0,2,0,0,1,0
1GMDU06E1XD312514,0,0,0,0,0,0,0,0,1,0,0,0,0,0,0,1,2,1,2,1,0
1FM5K7F86DGA36807,0,0,0,0,0,0,0,0,1,0,0,0,2,0,0,1,4,0,2,1,0
5GAKRCED0BJ342798,0,0,0,0,0,0,0,0,1,0,0,0,1,0,0,0,2,0,0,1,0
3GCPCREC0FG154158,0,0,0,0,0,0,0,0,10,0,0,0,0,0,0,0,0,0,0,10,0
KM8JU3AG2EU797689,0,0,0,0,0,0,0,0,4,0,0,0,0,0,0,0,0,0,0,4,0
SALME15416A200451,0,0,0,0,0,0,0,0,2,0,0,0,1,1,0,1,4,1,2,2,0
WDCGG5HB0DG030961,0,0,0,0,0,0,0,0,1,0,0,0,0,0,0,1,1,1,2,1,0
3FAHP0HA5AR411882,0,0,0,0,0,0,0,0,1,0,0,0,3,0,0,0,2,0,2,1,0
1FTPW14575KE84110,0,0,0,0,0,0,0,0,1,0,0,0,0,0,0,0,0,0,0,1,0
3FAHP07Z88R158347,0,0,0,0,0,0,0,0,1,0,0,0,2,0,0,1,1,1,1,1,0
1G1YY26W385117100,0,0,0,0,0,0,0,0,6,0,0,0,0,0,0,0,0,0,0,6,0
WBAWL73518PX54980,0,0,0,0,0,0,0,0,1,0,0,0,7,0,0,1,4,1,2,1,0
WDBNG70J6YA032913,0,0,0,0,0,0,0,0,1,0,0,0,0,0,0,0,1,0,0,1,0
2T1BU4EE0DC098497,0,0,0,0,0,0,0,0,1,0,0,0,0,0,0,0,6,0,0,1,0
2GCEK19T341123109,0,1,0,0,0,3,0,0,2,0,0,0,0,0,0,1,2,1,1,2,0
1N4AL21E29N516707,0,0,0,0,0,0,0,0,1,0,0,0,1,0,0,0,1,0,0,1,0
2D8HN54P58R822580,0,1,0,0,0,0,0,0,2,0,0,0,0,0,0,1,2,0,2,2,0
WDDNG86XX7A103943,0,0,0,0,0,0,0,0,1,0,0,0,0,0,0,0,0,0,0,1,0
1C3CDFBBXFD265243,0,0,0,0,0,0,0,0,4,0,0,0,0,0,0,0,0,0,0,4,0
3GNEC12Z75G139700,0,0,0,0,0,0,0,0,1,0,0,0,0,0,0,1,2,1,2,1,0
WAUBC48H16K004098,0,0,0,0,0,0,0,0,1,0,0,0,0,0,0,0,0,0,0,1,0
WBADT63483CK37538,0,0,0,0,0,0,0,0,1,0,0,0,4,0,0,0,2,0,0,1,0
1GCHK23698F158340,0,0,0,0,0,0,0,0,1,0,0,0,0,0,0,0,2,0,0,1,0
1GCEK19T13E360128,0,0,0,0,0,0,0,0,2,0,0,0,6,0,0,0,2,0,2,2,0
1G1PE5SB9G7125455,0,0,0,0,0,0,0,0,2,0,0,0,0,0,0,0,0,0,0,2,0
1J8HH48K36C214909,0,0,0,0,0,0,0,0,1,0,0,0,2,0,0,0,4,0,0,1,0
1HGCF854XYA026327,0,0,0,0,0,0,0,0,1,0,0,0,2,0,0,0,2,0,0,1,0
2G61M5S31E9190615,0,0,0,0,0,0,0,0,1,0,0,0,3,0,0,0,0,0,0,1,0
WBAVB17526NK40358,0,0,0,0,0,3,0,0,1,0,0,0,2,1,0,0,2,1,2,1,0
1G1AK18F767633570,0,0,0,0,0,0,0,0,1,0,0,0,0,0,0,0,3,0,1,1,0
2GTEC13C471558697,0,0,0,0,0,0,0,0,1,0,0,0,4,0,0,0,1,0,0,1,0
4NUDS13S842104782,0,0,0,0,0,0,0,0,1,0,0,0,0,0,0,1,1,1,2,1,0
5LMFU28R34LJ31028,0,0,0,0,0,0,0,0,1,0,0,0,4,1,0,0,6,0,0,1,0
1N6AD0EV9GN732005,0,0,0,0,0,0,0,0,4,0,0,0,0,0,0,2,2,0,2,4,2
1GNFK13067R211111,0,0,0,0,0,3,0,0,0,0,0,0,2,0,0,1,4,1,2,1,0
1FMCU9EG0AKD41802,0,0,0,0,0,0,0,0,2,0,0,0,2,0,0,1,2,1,2,2,1
5YFBU4EE2DP100749,0,0,0,0,0,0,0,0,5,0,0,0,0,0,0,0,0,0,0,5,0
1GKKRPKD1FJ329059,0,0,0,0,0,0,0,0,4,0,0,0,0,0,0,0,0,0,0,4,0
3D7KS28CX5G701943,0,0,0,0,0,0,0,0,1,0,0,0,3,0,0,0,6,0,0,1,0
3GNEK18R1XG224139,0,0,0,0,0,0,0,0,1,0,0,0,0,0,0,2,2,2,2,1,0
1GCHK23214F222121,0,0,0,0,0,1,1,0,1,0,0,0,0,0,0,1,1,1,1,1,0
19UUA9F75DA000679,0,0,0,0,0,0,0,0,1,0,0,0,1,0,0,1,1,1,1,1,0
5FNYF18797B021160,0,0,0,0,0,0,0,0,1,0,0,0,0,0,0,0,2,0,0,1,0
1G1AD5F55A7144718,0,0,0,0,0,0,0,0,1,0,0,0,8,0,0,2,3,1,2,1,0
WBAEV53484KM35195,0,0,0,0,0,4,0,0,1,0,0,0,3,0,0,3,4,3,6,1,0
WBAET37414NJ43696,0,1,0,0,0,1,0,0,1,0,0,0,2,0,0,1,1,0,1,1,0
2G1FD3D34F9291498,0,0,0,0,0,0,0,0,2,0,0,0,0,0,0,0,0,0,0,2,0
2HKRM4H56FH687337,0,0,0,0,0,0,0,0,1,0,0,0,6,0,0,1,2,0,2,1,0
2FTRX18W44CA65126,0,0,0,0,0,3,0,0,0,0,0,0,1,0,0,0,1,3,4,1,0
1N4AL24E58C262027,0,0,0,0,0,0,0,0,1,0,0,0,1,0,0,2,1,2,2,1,0
1FTZX1720YNC14341,0,0,0,0,0,0,0,0,2,0,0,0,0,0,0,0,0,0,0,2,0
1GCEC19X29Z269922,0,0,0,0,0,0,0,0,1,0,0,0,2,0,0,1,2,1,2,1,0
1GNEK13047R101699,0,0,0,0,0,0,0,0,0,0,0,0,0,0,0,0,0,0,0,1,0
2G4WD582991221188,0,0,0,0,0,0,0,0,2,0,0,0,0,0,0,0,0,0,0,2,0
4T1BK3EK9BU609741,0,0,0,0,0,0,0,0,1,0,0,0,1,0,0,0,1,0,0,1,0
WVGBV7AX0BW546470,0,0,0,0,0,0,0,0,1,0,0,0,1,1,0,0,0,0,0,1,0
1HGCP26708A099516,0,2,0,1,0,0,0,0,4,0,0,0,1,1,0,4,13,4,5,4,0
JH4CU26689C010858,0,0,0,0,0,0,0,0,1,0,0,0,0,0,0,1,1,1,1,1,0
1G4PP5SK9E4136600,0,0,0,0,0,0,0,0,4,0,0,0,0,0,0,1,1,0,1,4,1
1FMJK1J51EEF48044,0,0,0,0,0,0,0,0,1,0,0,0,7,0,0,0,2,0,2,1,0
1B7GL2AZ0YS705010,0,0,0,0,0,0,0,0,1,0,0,0,13,0,0,0,2,0,0,1,0
2G1WM15K469324462,0,0,0,0,0,2,0,0,1,0,0,0,5,0,0,1,4,0,2,1,0
1ZVFT80N475276171,0,0,0,0,0,0,0,0,1,0,0,0,1,0,0,0,1,0,0,1,0
1C3CCBAG7DN724342,0,2,0,0,0,2,0,0,3,0,0,0,0,0,0,4,6,4,6,3,0
KNDJT2A63C7432555,0,0,0,0,0,0,0,0,1,0,0,0,1,0,0,0,8,1,4,1,0
2CKDL73F266027663,0,1,0,0,0,0,0,0,2,0,0,0,5,0,0,2,2,0,3,2,0
JT3HN87R3Y9043587,0,0,0,0,0,0,0,0,1,0,0,0,0,0,0,0,4,0,0,1,0
4JGBB86E46A005608,0,0,0,0,0,0,0,0,1,0,0,0,3,0,0,0,1,0,1,1,0
WVWRH63BX3P266377,0,0,0,0,0,0,0,0,1,0,0,0,4,0,0,0,8,0,0,1,0
1G1YY2186H5128519,0,0,0,0,0,4,0,0,2,0,0,0,8,1,0,2,3,2,4,2,0
2GNFLGEK4E6210773,0,1,0,0,0,4,0,0,1,0,0,0,15,1,0,1,6,0,4,1,0
5GAEV13798J115323,0,0,0,0,0,0,0,1,12,0,0,0,0,0,0,0,1,0,0,12,0
JM1NDAD77G0100923,0,0,0,0,0,0,0,1,1,0,0,0,2,0,0,0,1,0,0,1,0
JN8AS5MT0DW503471,0,0,0,0,0,0,0,0,1,0,0,0,0,0,0,0,1,0,0,1,0
2C4GM68445R662982,0,0,0,0,0,0,0,0,1,0,0,0,9,0,0,1,1,0,2,1,0
1FTPW12V89FA74949,0,0,0,0,0,0,0,0,1,0,0,0,1,0,0,0,1,0,0,1,0
1G4GC5E33DF222892,0,0,0,0,0,0,0,0,4,0,0,0,0,0,0,2,2,0,2,4,2
1GKKRRKD8GJ154242,0,1,0,0,0,0,0,0,1,0,0,0,1,0,0,1,1,1,1,1,1
2G1FE1E31E9124451,0,0,0,0,0,0,0,0,0,0,0,0,0,0,0,0,0,0,0,5,0
KMHD35LH1EU169690,0,0,0,0,0,0,1,0,3,0,0,0,7,0,0,1,3,1,3,3,0
1FTYR14U02PA54517,0,0,0,0,0,0,0,0,1,0,0,0,2,0,0,0,2,0,0,1,0
WDDGF56XX8F156804,0,0,0,0,0,0,0,0,1,0,0,0,2,0,0,1,3,1,2,1,0
1FTWW33RX8EC60957,0,0,0,0,0,0,0,0,1,0,0,0,0,0,0,1,2,1,2,1,1
1N4AL21EX7C168227,0,0,0,0,0,0,0,0,1,0,0,0,3,0,0,2,2,2,2,1,0
JA3AJ26E65U034958,0,0,0,0,0,0,0,0,1,0,0,0,5,0,0,0,2,0,0,1,0
1GKKRPKD4FJ329444,0,0,0,0,0,0,0,0,4,0,0,0,0,0,0,0,0,0,0,4,0
5NPE24AF8FH037464,0,0,0,0,0,0,0,0,4,0,0,0,0,0,0,2,2,0,2,4,2
3N1BC13E37L389441,0,0,0,0,0,0,0,0,1,0,0,0,0,0,0,0,2,0,0,1,0
1G1BL82P4TR100149,0,0,0,0,0,0,0,0,0,0,0,0,2,0,0,0,2,2,4,1,0
WBABS33413PG90601,0,0,0,0,0,0,0,0,1,0,0,0,3,0,0,0,0,0,0,1,0
5NPDH4AE3GH662972,0,0,0,0,0,0,0,0,1,0,0,0,0,0,0,1,3,1,2,1,0
2C3CDZAG7FH868958,0,0,0,0,0,0,0,0,2,0,0,0,0,0,0,0,0,0,0,2,0
1GNFC13067J104720,0,0,0,0,0,0,0,0,1,0,0,0,0,1,0,1,2,1,2,1,0
1GKFK63847J162974,0,0,0,0,0,0,0,0,1,0,0,0,0,1,0,1,2,1,2,1,0
5NPDH4AE2DH371472,0,0,0,0,0,0,0,0,1,0,0,0,0,0,0,0,1,0,0,1,0
KMHHN65F43U070615,0,0,0,0,0,1,0,0,0,0,0,0,6,0,0,0,1,1,1,1,0
1J4GW48S51C686623,0,0,0,0,0,0,0,0,1,0,0,0,2,0,0,1,4,1,4,1,0
1N4AL3AP0DC265102,0,0,0,0,0,0,0,0,1,0,0,0,0,1,0,1,2,2,2,1,0
WBAUN93578VE94046,0,0,0,0,0,0,0,0,1,0,0,0,0,0,0,0,3,0,0,1,0
JNKCV54E57M903585,0,0,0,0,0,0,0,0,2,0,0,0,1,0,0,1,4,1,2,2,0
1G1YY22G0X5131601,0,1,0,0,0,3,0,0,1,0,0,0,6,0,0,1,1,0,1,1,0
JM3TB2DA5D0408853,0,0,0,0,0,0,0,0,4,0,0,0,0,0,0,0,0,0,0,4,0
1HGCG5650WA187740,0,0,0,0,0,0,0,0,2,0,0,0,0,0,0,0,6,0,2,2,0
5Y2SP6E01AZ419908,0,0,0,0,0,0,0,0,1,0,0,0,2,0,0,5,6,2,4,1,0
1FADP3F20FL316728,0,0,0,0,0,0,0,0,2,0,0,0,0,0,0,0,0,0,0,2,0
3GNGK26KX7G296333,0,0,0,0,0,0,0,0,1,0,0,0,2,0,0,1,2,1,2,1,0
5NPEB4AC0CH324220,0,0,0,0,0,0,0,0,1,0,0,0,1,0,0,0,1,0,0,1,0
4T1BK3DB4BU380953,0,3,0,0,0,0,0,0,4,0,0,0,3,0,0,8,7,5,7,4,0
3C8FY78G65T592543,0,1,0,0,0,0,0,0,1,0,0,0,1,0,0,0,1,1,1,1,0
1FM5K8D8XDGB38197,0,0,0,0,0,0,0,0,2,0,0,0,0,0,0,0,0,0,0,2,0
1N6AD0EV5GN730302,0,0,0,0,0,0,0,0,4,0,0,0,0,0,0,2,2,0,2,4,2
KMHDU46D38U396562,0,0,0,0,0,0,0,0,1,0,0,0,0,0,0,1,2,1,2,1,0
1G1PF5SB1G7122949,0,0,0,0,0,0,0,0,4,0,0,0,0,0,0,0,0,0,0,4,0
JTEEP21A170200735,0,3,0,0,0,0,0,0,3,0,0,0,6,0,0,5,9,4,5,3,0
3VW4T7AU9GM051925,0,0,0,0,0,0,0,0,0,0,0,0,7,0,0,0,18,1,0,2,0
1G6DM57TX60205842,0,1,0,0,0,0,0,0,1,0,0,0,0,0,0,1,1,2,1,1,0
5NPDH4AE1DH318942,0,0,0,0,0,0,0,0,1,0,0,0,1,0,0,0,2,0,0,1,0
2GCEK13MX71701194,0,0,0,0,0,0,0,0,1,0,0,0,0,0,0,0,0,0,0,1,0
JN8AR07S2YW447301,0,0,0,0,0,0,0,0,0,0,0,0,0,0,0,0,0,0,0,1,0
1D4HD48N05F615847,0,0,0,0,0,0,0,0,1,0,0,0,2,0,0,0,0,0,0,1,0
1G1YY22G1V5104887,0,0,0,0,0,0,0,0,0,0,0,0,1,0,0,0,2,0,0,1,0
WDDDJ72X47A080091,0,0,0,0,0,0,0,0,1,0,0,0,0,0,0,0,2,0,0,1,0
1N4AL11D26N300045,0,0,0,0,0,0,0,0,1,0,0,0,3,0,0,0,2,0,0,1,0
1G11C5SA2DF353737,0,0,0,0,0,0,0,0,1,0,0,0,0,0,0,0,2,0,0,1,0
2G1115S35G9141077,0,0,0,0,0,0,0,0,2,0,0,0,0,0,0,0,0,0,0,2,0
2C3CDYCJ7DH541587,0,0,0,0,0,0,0,0,1,0,0,0,1,0,0,0,1,0,0,1,0
2C3CCAGG6GH230486,0,0,0,0,0,0,0,0,1,0,0,0,0,0,0,0,0,0,0,1,0
2MEFM74V68X612423,0,0,0,0,0,0,0,0,1,0,0,0,7,0,0,1,1,1,2,1,0
1J4FY29P6VP400670,0,0,0,0,0,0,0,0,1,0,0,0,4,1,0,0,3,0,0,1,0
JT3GN86R010219051,0,0,0,0,0,0,0,0,1,0,0,0,0,0,0,1,1,1,1,1,0
KMHCT4AE0GU944899,0,0,0,0,0,0,0,0,4,0,0,0,0,0,0,0,0,0,0,4,0
4T1BE32K74U285672,0,0,0,0,0,0,0,0,1,0,0,0,8,0,0,0,1,0,0,1,0
2CNDL73F256014431,0,0,0,0,0,0,0,0,1,0,0,0,0,0,0,0,1,0,1,1,0
1FTSW21P06EC41003,0,0,0,0,0,2,0,0,2,0,0,0,7,4,0,2,5,0,5,2,0
JHMFA36286S015424,0,1,0,0,0,0,0,0,3,0,0,0,4,0,0,2,4,0,4,3,0
3N1AB61E08L649553,0,0,0,0,0,0,0,0,28,0,0,0,0,0,0,2,2,0,2,28,0
JHLRD2849XC010729,0,1,0,0,0,0,0,0,2,0,0,0,1,0,0,2,5,2,3,2,0
1GCCSBDE2A8137081,0,0,0,0,0,0,0,0,2,0,0,0,4,0,0,2,3,2,4,2,0
WDDGF5EB2BA459148,0,0,0,0,0,0,0,0,1,0,0,0,0,0,0,0,0,0,0,1,0
19UUA56673A045377,0,0,0,0,0,0,0,0,1,0,0,0,8,0,0,0,1,0,0,1,0
KNDJT2A27B7347052,0,0,0,0,0,0,0,0,0,0,0,0,4,0,0,0,2,2,2,1,0
1GKKRRKD3GJ136263,0,0,0,0,0,0,0,0,18,0,0,0,0,0,0,4,4,0,4,18,0
1GKDT13S632225287,0,0,0,0,0,0,0,0,1,0,0,0,0,0,0,0,4,0,0,1,0
1C4NJRBB1ED879305,0,0,0,0,0,1,0,0,2,0,0,0,0,0,0,3,2,0,4,2,2
1C4PJLCB5FW699884,0,0,0,0,0,0,0,0,2,0,0,0,0,0,0,1,1,0,1,2,1
1FTFW1CF7CFC23135,0,0,0,0,0,0,0,0,1,0,0,0,0,0,0,0,0,0,0,1,0
3N1CN7AP5FL927772,0,0,0,0,0,0,0,0,1,0,0,0,0,1,0,0,0,0,0,1,0
JM3LW28JX20326743,0,0,0,0,0,0,0,0,1,0,0,0,2,1,0,0,2,0,0,1,0
1C6RR6GG0GS226659,0,0,0,0,0,0,0,0,4,0,0,0,0,0,0,0,0,0,0,4,0
JHLRE3H39BC004884,0,0,0,0,0,0,0,0,2,0,0,0,0,0,0,0,4,0,0,2,0
2G2FV22GX22171684,0,0,0,0,0,0,0,0,1,0,0,0,2,0,0,1,1,1,1,1,0
3GNFC16J27G132116,0,1,0,0,0,0,0,0,1,0,0,0,9,0,0,2,1,0,1,1,0
1G8AZ52F83Z134709,0,0,0,0,0,0,0,0,1,0,0,0,7,1,0,0,4,0,0,1,0
1N6BD0CT5DN757887,0,0,0,0,0,0,0,0,1,0,0,0,1,0,0,0,2,0,0,1,2
5NMSG13D87H049143,0,0,0,0,0,0,0,0,1,0,0,0,1,0,0,0,1,0,1,1,0
W04GN5EC6B1085689,0,0,0,0,0,0,0,0,4,0,0,0,0,0,0,0,0,0,0,4,0
1C3CCBBB5DN693692,0,0,0,0,0,0,0,1,1,0,0,0,1,0,0,0,2,0,0,1,0
2G4WB52K831129964,0,0,0,0,0,0,0,0,2,0,0,0,0,0,0,0,0,0,0,2,0
1G1AK55F467626085,0,0,0,0,0,0,0,0,1,0,0,0,0,0,0,0,2,0,0,1,0
1D4RD2GG0BC617140,0,0,0,0,0,0,0,0,1,0,0,0,5,0,0,1,1,1,1,1,0
1HGCM664X7A056760,0,1,0,0,0,0,0,0,2,0,0,0,1,0,0,2,2,2,2,2,0
1GNSCJKC5FR532711,0,0,0,0,0,0,0,0,20,0,0,0,0,0,0,4,4,0,4,20,0
5J6YH28736L024299,0,0,0,0,0,3,0,0,2,0,0,0,3,0,0,1,5,1,1,2,0
WBAFR7C59BC605388,0,0,0,0,0,0,0,0,2,0,0,0,0,0,0,2,4,1,4,2,0
1HGES16365L015262,0,1,0,0,0,0,0,0,3,0,0,0,10,0,0,2,3,1,2,3,0
1FT7W2BT9DEB58992,0,0,0,0,0,0,0,0,1,0,0,0,6,0,0,0,2,0,0,1,0
ZFBERFAT7G6B29759,0,0,0,0,0,0,0,0,1,0,0,0,2,0,0,2,4,1,2,1,0
KNAGM4A75F5527241,0,0,0,0,0,0,0,0,1,0,0,0,1,0,0,1,4,1,2,1,0
1G4PP5SK0D4252038,0,0,0,0,0,0,0,0,2,0,0,0,0,0,0,0,0,0,0,2,0
YV1CZ59H841083423,0,0,0,0,0,0,0,0,1,0,0,0,1,0,0,0,2,0,0,1,0
1B7HD14Y1JS629303,1,0,0,1,0,0,0,0,1,8,0,0,13,0,0,2,6,2,4,1,0
JTEDS42A982021384,0,0,0,0,0,0,0,0,1,0,0,0,0,0,0,0,6,0,0,1,0
4S4BSANC7H3253740,0,0,0,0,0,0,0,0,0,0,0,0,0,0,0,0,0,0,0,1,0
1J4G248S3YC286226,0,0,0,0,0,0,0,0,2,0,0,0,3,3,0,3,5,2,4,2,0
2HGES16584H634412,0,0,0,0,0,0,0,0,1,0,0,0,1,0,0,1,2,1,2,1,0
3MZBM1U73FM151587,0,0,0,0,0,0,0,0,2,0,0,0,0,0,0,0,0,0,0,2,0
WDBVG78J25A001318,0,0,0,0,0,0,0,0,1,0,0,0,3,0,0,0,2,0,0,1,0
5N1AR18B18C663167,0,2,0,0,0,0,0,0,1,0,0,0,1,0,0,2,4,2,4,1,0
1FAFP34N35W277071,0,0,0,0,0,0,0,0,4,0,0,0,9,2,0,1,14,1,2,4,0
JHMAP21445S006763,0,0,0,0,0,0,0,0,0,0,0,0,3,0,0,0,3,3,3,2,0
WMWRE33413TD73236,0,0,0,0,0,4,0,0,2,0,0,0,0,0,0,2,13,2,4,2,0
5NPEC4AC3EH822136,0,0,0,0,0,0,0,0,1,0,0,0,0,0,0,1,1,1,1,1,0
